T:0.1 dt0.0033333333 dx:0.1
0 0 0 0 0 0 0 0 0 0.333333333333333 1 
0 0 0 0 0 0 0 0 0.111111111111111 0.444444444444444 1 
0 0 0 0 0 0 0 0.037037037037037 0.185185185185185 0.518518518518518 1 
0 0 0 0 0 0 0.0123456790123457 0.0740740740740741 0.246913580246914 0.567901234567901 1 
0 0 0 0 0 0.00411522633744856 0.0288065843621399 0.111111111111111 0.296296296296296 0.604938271604938 1 
0 0 0 0 0.00137174211248285 0.0109739368998628 0.0480109739368999 0.145404663923182 0.337448559670782 0.633744855967078 1 
0 0 0 0.000457247370827618 0.00411522633744856 0.0201188843164152 0.0681298582533151 0.176954732510288 0.372199359853681 0.657064471879287 1 
0 0 0.000152415790275873 0.00152415790275873 0.00823045267489712 0.0307879896357263 0.0884011583600061 0.205761316872428 0.402072854747752 0.676421277244323 1 
0 5.08052634252909e-05 0.0005588578976782 0.00330234212264391 0.0135142000711274 0.0424732002235432 0.10831682162272 0.232078443326729 0.428085149621501 0.692831377330691 1 
0 0.000203221053701163 0.00130400176124913 0.00579180003048316 0.0197632474724381 0.0547680739724636 0.127622821724331 0.256160138190317 0.450998323426307 0.706972175650731 1 
0 0.000502407604983432 0.00243300761514448 0.00895301642139015 0.0267743738251283 0.0673847143897441 0.14618367796237 0.278260427780318 0.471376879089118 0.719323499692346 1 
0 0.000978471740042639 0.00396281054717269 0.0127201326205543 0.0343707015454209 0.0801142553924142 0.163942940044144 0.298606994943935 0.489653602187261 0.730233459593821 1 
0 0.00164709409573844 0.00588713830258988 0.0170178815710493 0.0424016965194631 0.0928092989939931 0.180888063460165 0.317401179058447 0.506164685575006 0.739962353927027 1 
0 0.00251141079944277 0.00818403798979253 0.0217689054643674 0.0507429590281685 0.105366352991207 0.197032847170868 0.334817976031206 0.521176072853493 0.748709013167344 1 
0 0.00356514959641177 0.0108214514178676 0.0268986341607762 0.0592927391612476 0.117714053063415 0.21240572539776 0.351008965351856 0.534901020684014 0.756628362006946 1 
0 0.00479553367142645 0.0137617450583518 0.0323376082466305 0.0679684754618128 0.129804172540807 0.227042914604344 0.366105237144543 0.547512782680939 0.763843127563653 1 
0 0.00618575957659276 0.0169649623254696 0.0380226095889317 0.0767034187497502 0.141605187535655 0.240984108096565 0.380220311476609 0.559153715796379 0.770451970081531 1 
0 0.00771690730068745 0.020391110496998 0.0438969968880505 0.0854437386247788 0.153097571460657 0.254269869036276 0.393452711789851 0.569941999118173 0.77653522862597 1 
0 0.00936933926589515 0.024001671561912 0.0499106153366091 0.0941461023244953 0.16427039304057 0.266940050762261 0.405888193314766 0.579976646511331 0.782159075914714 1 
0 0.0111236702759357 0.0277605420548054 0.0560194630743388 0.102775703567225 0.175118848709109 0.279032879039199 0.41760163019612 0.589341305246937 0.787378574142015 1 
0 0.012961404110247 0.03163455846836 0.0621852362321231 0.111304671783558 0.185642477105178 0.290584452648143 0.428658604827419 0.598107169861691 0.792239959796317 1 
0 0.0148653208595357 0.03559373293691 0.0683748221613469 0.119710795040286 0.195843867178959 0.301628511526913 0.439116742445751 0.606335244828476 0.796782376552669 1 
0 0.0168196845988152 0.0396112919859309 0.0745597833795143 0.127976494793531 0.205727724582053 0.312196373717208 0.449026832933713 0.614078121275632 0.801039207127048 1 
0 0.0188103255282487 0.0436635866547535 0.0807158567196587 0.136088000918366 0.215300197697597 0.322316977077658 0.458433775975518 0.621381387112131 0.80503910946756 1 
0 0.0208246373943341 0.0477299229675536 0.086822481430926 0.144034685111874 0.224568391897874 0.332016983583591 0.467377380055102 0.628284757518403 0.80880683219323 1 
0 0.0228515201206292 0.0517923472642712 0.0928623631701178 0.151808519480225 0.233540020197779 0.341320918512189 0.475893040385699 0.634822989922245 0.812363863237211 1 
0 0.0248812891283002 0.0558354101850061 0.0988210766382045 0.159403634282707 0.242223152730064 0.350251326365222 0.484012316273378 0.641026631181718 0.815728951053152 1 
0 0.0269055664377688 0.0598459253171703 0.104686707035306 0.166815954550325 0.250626037792665 0.358828931789555 0.491763424606773 0.646922632836083 0.818918527411624 1 
0 0.028917163918313 0.0638127329300817 0.110449528967601 0.174042899792765 0.258756974710848 0.367072798062997 0.49917166307747 0.65253486161816 0.821947053415902 1 
0 0.0309099656161316 0.0677264752719984 0.116101720563483 0.181083134490405 0.26662422418887 0.375000478617105 0.506259774252876 0.657884526037177 0.824827305011354 1 
