T:0.1 dt0.0033333333 dx:0.1
0 0 0 0 0 0 0 0 0 0.254033307585166 1
0 0 0 0 0 0 0 0 0.0645329213626597 0.387197528175958 1
0 0 0 0 0 0 0 0.0163935114618898 0.132189216180019 0.469495685856041 1
0 0 0 0 0 0 0.00416449793959803 0.0421739399890059 0.191734872232846 0.52613766328427 1
0 0 0 0 0 0.00105792118600934 0.0128966146458688 0.0716208582537084 0.242431110028413 0.568004299428364 1
0 0 0 0 0.000268747217757383 0.00383073179732546 0.0251592991533569 0.10165200279501 0.285560506454149 0.600517313556917 1
0 0 0 6.82707400807488e-05 0.00111401071748926 0.00845139812574488 0.0397597287293961 0.130793691469041 0.322552620212599 0.626688316768595 1
0 0 1.73429702624483e-05 0.000318783312853941 0.00274411799148078 0.0147478668827635 0.0557317850007392 0.158409904881191 0.354607781253756 0.648332860761447 1
0 4.40456387617734e-06 9.00723179190183e-05 0.00086756101779241 0.00524705814040828 0.0224277102080248 0.072379635134109 0.184281592164223 0.382669074392361 0.666616325398734 1
0 2.51826618193356e-05 0.000268456308534076 0.00180524880644942 0.00861807983358941 0.0311808809412156 0.0892288051511033 0.208391921383258 0.407466518790558 0.682324512009792 1
0 8.13702980410045e-05 0.000604188559205932 0.00318818181984867 0.0127947523467927 0.0407257910993988 0.105966462073261 0.230818060434791 0.429566518628512 0.696008649857207 1
0 0.000196067250518223 0.00114236186150486 0.00504050719913449 0.0176850537860502 0.0508248301020269 0.122392369266399 0.2516766879253 0.449412359358726 0.708068154416447 1
0 0.000392825540494907 0.00191721864341121 0.00736080399890845 0.0231862411132387 0.0612855042075074 0.138383033485846 0.271096692140366 0.467354763813538 0.718800363769739 1
0 0.000692678430649385 0.00295090605450986 0.0101294354715505 0.029196197098276 0.0719557272548085 0.153866678813046 0.289205770376024 0.483674388681487 0.728431744160325 1
0 0.0011122680171998 0.00425411607445619 0.0133149715847133 0.0356195655844747 0.0827173671011514 0.168806113419173 0.306124196623587 0.498598324809323 0.737138194286697 1
0 0.00166302701204591 0.00582769017879772 0.0168791921576561 0.0423705814589364 0.0934798572207958 0.183187086795287 0.321962292280022 0.512312259348727 0.745058674271111 1
0 0.00235115768663934 0.00766457308771872 0.0207807189557784 0.0493739367609072 0.104174565849429 0.197010393115567 0.336819789666266 0.524969518828592 0.752304603620162 1
0 0.00317811703273965 0.00975175550232322 0.0249775173781129 0.0565645554169871 0.114750101367357 0.210286513423553 0.350786132626233 0.536697862476485 0.758966495881079 1
0 0.00414136428758063 0.0120720218858655 0.0294285386534053 0.0638868161790479 0.125168514485404 0.223031977626691 0.363941207512575 0.547604640532404 0.765118740507369 1
0 0.00523519637561918 0.0146054284924634 0.0340947400231647 0.0712935437566656 0.135402278956009 0.235266894649115 0.376356237367477 0.557780752971886 0.770823113233681 1
0 0.00645156089325154 0.0173304989980215 0.0389396699171299 0.0787449494288021 0.145431916157811 0.24701327936576 0.388094701228608 0.567303719029222 0.776131395650729 1
0 0.00778078561024833 0.0202251572475728 0.0439297570402031 0.0862076175065734 0.155244138238977 0.258293925530688 0.399213210463436 0.5762400807339 0.781087359031371 1
0 0.00921219747776762 0.0232674308266499 0.0490344029514892 0.0936535835149423 0.164830402531284 0.269131654485807 0.40976231186228 0.584647302563569 0.785728286817607 1
0 0.0107346255554402 0.026435963194924 0.0542259478492533 0.101059520905745 0.174185789177868 0.279548823414529 0.419787207395226 0.592575286136469 0.790086157261488 1
0 0.0123367945150525 0.0297103707923557 0.0594795575453534 0.108406037152731 0.183308131372255 0.289567013243475 0.429328390965267 0.600067588068748 0.794188572284991 1
0 0.0140076214551496 0.0330714776817985 0.0647730642108358 0.115677071944872 0.192197342363414 0.299206840911705 0.438422207538129 0.607162406937544 0.798059494466099 1
0 0.0157364309671224 0.0365014555393695 0.0700867827390596 0.122859386621515 0.200854895407495 0.308487857520933 0.447101342136848 0.613893389149328 0.801719837306321 1
0 0.0175131033419834 0.0399838920125027 0.0754033171718322 0.129942132986871 0.209283422447513 0.317428505423975 0.455395246724825 0.620290291652782 0.805187942137253 1
0 0.0193281695632618 0.0435038060639758 0.0807073665700382 0.136916490001968 0.217486404875607 0.326046115304927 0.463330512733645 0.626379530638019 0.808479966596351 1
0 0.0211728649620834 0.0470476250857493 0.0859855362645991 0.143775357872675 0.225467935664854 0.334356929885723 0.470931196350096 0.632184638779951 0.811610203502598 1
