T:1 dt0.01 dx:0.1
0 0 0 0 0 0 0 0 0 1 1 
0 0 0 0 0 0 0 0 1 0 1 
0 0 0 0 0 0 0 1 -1 2 1 
0 0 0 0 0 0 1 -2 4 -2 1 
0 0 0 0 0 1 -3 7 -8 7 1 
0 0 0 0 1 -4 11 -18 22 -14 1 
0 0 0 1 -5 16 -33 51 -54 37 1 
0 0 1 -6 22 -54 100 -138 142 -90 1 
0 1 -7 29 -82 176 -292 380 -370 233 1 
0 -8 37 -118 287 -550 848 -1042 983 -602 1 
0 45 -163 442 -955 1685 -2440 2873 -2627 1586 1 
0 -208 650 -1560 3082 -5080 6998 -7940 7086 -4212 1 
0 858 -2418 5292 -9722 15160 -20018 22024 -19238 11299 1 
0 -3276 8568 -17432 30174 -44900 57202 -61280 52561 -30536 1 
0 11844 -29276 56174 -92506 132276 -163382 171043 -144377 83098 1 
0 -41120 97294 -177956 280956 -388164 466701 -478802 398518 -227474 1 
0 138414 -316370 556206 -847076 1135821 -1333667 1344021 -1104794 625993 1 
0 -454784 1010990 -1719652 2539103 -3316564 3813509 -3782482 3074808 -1730786 1 
0 1465774 -3185426 5269745 -7575319 9669176 -10912555 10670799 -8588076 4805595 1 
0 -4651200 9920945 -16030490 22514240 -28157050 31252530 -30171430 24064470 -13393670 1 
0 14572145 -30602635 48465675 -66701780 81923820 -89581010 85488430 -67629570 37458141 1 
0 -45174780 93640455 -145770090 197091275 -238206610 256993260 -242699010 190576141 -105087710 1 
0 138815235 -284585325 436501820 -581067975 692291145 -737898880 690268411 -538362861 295663852 1 
0 -423400560 859902380 -1302155120 1709860940 -2011258000 2120458436 -1966530152 1524295124 -834026712 1 
0 1283302940 -2585458060 3871918440 -5023274060 5841577376 -6098246588 5611283712 -4324851988 2358321837 1 
0 -3868761000 7740679440 -11480650560 14736769876 -16963098024 17551107676 -16034382288 12294457537 -6683173824 1 
0 11609440440 -23090091000 33958099876 -43180518460 49250975576 -50548587988 45879947501 -35012013649 18977631362 1 
0 -34699531440 68657631316 -100228709336 126389593912 -142980082024 145679511065 -131440549138 99869592512 -53989645010 1 
0 103357162756 -203585872092 295275934564 -369598385272 415049187001 -420100142227 376989652715 -285299786660 153859237523 1 
0 -306943034848 602218969412 -868460191928 1079923506837 -1204747714500 1212138981943 -1082389581602 816148676898 -439159024182 1 
0 909162004260 -1777622196188 2550602668177 -3153131413265 3496810203280 -3499276278045 3110677240443 -2337697282682 1255307701081 1 
0 -2686784200448 5237386868625 -7481356277630 9200544284722 -10149217894590 10106763721768 -8947650801170 6703682224206 -3593004983762 1 
0 7924171069073 -15405527346703 21919287430977 -26831118456942 29456525901080 -29203632417528 25758096747144 -19244338009138 10296687207969 1 
0 -23329698415776 45248985846753 -64155933234622 78206931788999 -85491276775550 84418255065752 -74206067173810 55299121964251 -29541025217106 1 
0 68578684262529 -132734617497151 187611850870374 -227854141799171 248116463630301 -244115599015112 213923444203813 -159046214355167 84840147181358 1 
0 -201313301759680 388925152630054 -548200610166696 663582456299846 -720086204444584 706155506849226 -617085257574092 457809805740338 -243886361536524 1 
0 590238454389734 -1.13843906455643e+15 1.6007082190966e+15 -1.93186927091113e+15 2.08982416759366e+15 -2.0433269688679e+15 1.78105057016366e+15 -1.31878142485095e+15 701696167276863 1 
0 -1.72867751894616e+15 3.32938573804276e+15 -4.67101655456415e+15 5.62240165760138e+15 -6.06502040737268e+15 5.91420170662521e+15 -5.14315896388251e+15 3.80152816229147e+15 -2.02047759212782e+15 1 
0 5.05806325698892e+15 -9.72907981155308e+15 1.36228039502083e+16 -1.63584386195382e+16 1.76016237715993e+16 -1.71223810778804e+16 1.48588888327992e+16 -1.09651647183018e+16 5.82200575441929e+15 1 
0 -1.4787143068542e+16 2.84099470187503e+16 -3.97103223812996e+16 4.75828663413458e+16 -5.10824434690179e+16 4.95828936822789e+16 -4.29464346289814e+16 3.16460593055203e+16 -1.67871704727211e+16 1 
0 4.31970900872923e+16 -8.29074124685919e+16 1.15703135741396e+17 -1.38375632191663e+17 1.48248203492643e+17 -1.43611771780278e+17 1.24175387616781e+17 -9.13796644072228e+16 4.84332297782414e+16 1 
0 -1.26104502555884e+17 2.4180763829728e+17 -3.36986180401651e+17 4.02326971425701e+17 -4.30235607464584e+17 4.16035362889701e+17 -3.59166823804282e+17 2.63988281802245e+17 -1.39812894185464e+17 1 
0 3.67912140853164e+17 -7.04898321254815e+17 9.81120790124632e+17 -1.16954875929194e+18 1.24859794177999e+18 -1.20543779415857e+18 1.03919046849623e+18 -7.62967999791991e+17 4.03801175987709e+17 1 
0 -1.07281046210798e+18 2.05393125223261e+18 -2.85556787067138e+18 3.39926749119656e+18 -3.62358449523049e+18 3.49322620443478e+18 -3.00759626244678e+18 2.20595964427593e+18 -1.1667691757797e+18 1 
0 3.12674171434059e+18 -5.98230958501197e+18 8.30876661410055e+18 -9.87841985709843e+18 1.05160781908618e+19 -1.01244069621121e+19 8.70678211115749e+18 -6.38032508250241e+18 3.37272882005563e+18 1 
0 -9.10905129935256e+18 1.74178179134531e+19 -2.41694960562109e+19 2.87032646620608e+19 -3.05189050100723e+19 2.93472672641314e+19 -2.5211514155772e+19 1.84598360137155e+19 -9.75305390255804e+18 1 
0 2.65268692128057e+19 -5.06963652690166e+19 7.02905786317249e+19 -8.3391665728344e+19 8.85694369362645e+19 -8.50776864299756e+19 7.30186174336189e+19 -5.34244040720455e+19 2.82128899162736e+19 1 
0 -7.72232344818223e+19 1.47513813113547e+20 -2.04378609629086e+20 2.42251681296333e+20 -2.57038789094584e+20 2.46665740799859e+20 -2.1152070793564e+20 1.54655911421938e+20 -8.16372939883191e+19 1 
0 2.24737047595369e+20 -4.29115657224455e+20 5.94144104038966e+20 -7.03669080020003e+20 7.45956211190777e+20 -7.15225237830083e+20 6.12842360157437e+20 -4.47813913345897e+20 2.36293205410257e+20 1 
0 -6.53852704819825e+20 1.24799680885879e+21 -1.72692884128342e+21 2.04376939524975e+21 -2.16485052904086e+21 2.0740238091783e+21 -1.77588151133342e+21 1.29694947891359e+21 -6.84107118756154e+20 1 
0 1.90184951367862e+21 -3.62877835496204e+21 5.01869504539196e+21 -5.93554876557403e+21 6.2826437334689e+21 -6.01475584955258e+21 5.14685479942531e+21 -3.75693810900316e+21 1.98105659766975e+21 1 
0 -5.53062786864065e+21 1.05493229140326e+22 -1.4583022165928e+22 1.72368875444349e+22 -1.82329483485955e+22 1.74442543824468e+22 -1.4918548757981e+22 1.08848495060982e+22 -5.73799470667291e+21 1 
0 1.60799507826733e+22 -3.06629729486013e+22 4.23692326243955e+22 -5.00528580589584e+22 5.29140902754772e+22 -5.05957514890233e+22 4.32476526465261e+22 -3.15413929707522e+22 1.66228442127711e+22 1 
0 -4.67429237312746e+22 8.91121563556701e+22 -1.23085063631955e+23 1.45336180958831e+23 -1.53562699823459e+23 1.46757494411027e+23 -1.25384797106302e+23 9.14118898300493e+22 -4.81642371835233e+22 1 
0 1.35855080086945e+23 -2.589401437189e+23 3.57533400946457e+23 -4.21983944414246e+23 4.45656375193317e+23 -4.25704991340787e+23 3.63554181347377e+23 -2.64960924119874e+23 1.39576127013573e+23 1 
0 -3.94795223805845e+23 7.52328624752301e+23 -1.0384574890796e+24 1.22517372055402e+24 -1.29334531094835e+24 1.23491554788148e+24 -1.05422009680804e+24 7.68091232480824e+23 -4.04537051133447e+23 1 
0 1.14712384855815e+24 -2.18558133763775e+24 3.01595983438592e+24 -3.55697652058197e+24 3.75343457938385e+24 -3.58248095563787e+24 3.05722687717034e+24 -2.22684838042231e+24 1.17262828361427e+24 1 
0 -3.33270518619589e+24 6.34866502058182e+24 -8.75851769260564e+24 1.03263709343517e+25 -1.08928920556037e+25 1.03931424121921e+25 -8.86655621323052e+24 6.45670354120693e+24 -3.39947666403658e+24 1 
0 9.68137020677771e+24 -1.84398878993834e+25 2.54335536475392e+25 -2.99777806825611e+25 3.16124054021475e+25 -3.01525906810263e+25 2.57164021666295e+25 -1.8722736418474e+25 9.85618020524351e+24 1 
0 -2.81212581061611e+25 5.35548117537003e+25 -7.38512222294836e+25 8.70237397322478e+25 -9.17427767657349e+25 8.74813982498033e+25 -7.45917292661298e+25 5.42953187903471e+25 -2.85789166237175e+25 1 
0 8.16760698598613e+25 -1.55527292089345e+26 2.14429773715432e+26 -2.52617738727466e+26 2.66247914747786e+26 -2.53815904281668e+26 2.1636844630628e+26 -1.57465964680194e+26 8.28742354140646e+25 1 
0 -2.37203361949206e+26 4.51633135664638e+26 -6.22574804532243e+26 7.33295427190684e+26 -7.7268155775692e+26 7.36432265335734e+26 -6.27650315268143e+26 4.56708646400539e+26 -2.40340200094259e+26 1 
0 6.88836497613844e+26 -1.31141130214609e+27 1.80750336738756e+27 -2.12855178947985e+27 2.24240925028334e+27 -2.1367641383608e+27 1.82079122700442e+27 -1.32469916176294e+27 6.97048846494798e+26 1 
0 -2.00024779975993e+27 3.8077511671475e+27 -5.2474664590135e+27 6.17846440715075e+27 -6.50772517812398e+27 6.19996461564855e+27 -5.28225452712815e+27 3.84253923526216e+27 -2.02174800825774e+27 1 
0 5.80799896690743e+27 -1.10554654259209e+28 1.52336820333117e+28 -1.79336560442882e+28 1.88861542009233e+28 -1.79899443209007e+28 1.53247583780389e+28 -1.1146541770648e+28 5.86428724351989e+27 1 
0 -1.68634643928284e+28 3.20971464261401e+28 -4.42228035035209e+28 5.20534922785233e+28 -5.48097545661122e+28 5.22008568998628e+28 -4.44612444695876e+28 3.23355873922068e+28 -1.70108290141679e+28 1 
0 4.89606108189684e+28 -9.31834143224894e+28 1.28373442208184e+29 -1.51086050348156e+29 1.59064103744498e+29 -1.51471855935563e+29 1.28997688761657e+29 -9.38076608759623e+28 4.93464164063747e+28 1 
0 -1.42144025141458e+29 2.70517467349642e+29 -3.7264290687883e+29 4.38523596300839e+29 -4.61622010028217e+29 4.39533648441718e+29 -3.74277205573182e+29 2.72151766043994e+29 -1.43154077282337e+29 1 
0 4.126614924911e+29 -7.8530439936993e+29 1.08168397052931e+30 -1.27278851320789e+30 1.33967925477077e+30 -1.27543286404312e+30 1.08596262005889e+30 -7.89583048899514e+29 4.15305843326331e+29 1 
0 -1.19796589186103e+30 2.27964986239034e+30 -3.13977688310713e+30 3.69415173850797e+30 -3.88790063202178e+30 3.70107473887279e+30 -3.15097853300153e+30 2.29085151228474e+30 -1.20488889222585e+30 1 
0 3.47761575425137e+30 -6.6173926373585e+30 9.11357848400544e+30 -1.07218292536369e+31 1.12831271094025e+31 -1.07399539038961e+31 9.14290478415905e+30 -6.64671893751211e+30 3.49574040451059e+30 1 
0 -1.00950083916099e+31 1.92085868756153e+31 -2.64528003750008e+31 3.11185348470449e+31 -3.27449102669355e+31 3.11659857974577e+31 -2.65295776255673e+31 1.92853641261817e+31 -1.01424593420227e+31 1 
0 2.93035952672252e+31 -5.5756395642226e+31 7.6779922097661e+31 -9.03162454889812e+31 9.50294309114381e+31 -9.04404736899604e+31 7.69809275492067e+31 -5.59574010937717e+31 2.94278234682044e+31 1 
0 -8.50599909094512e+31 1.61839913007112e+32 -2.22852563228868e+32 2.6212559849808e+32 -2.7578615009038e+32 2.62450832150605e+32 -2.23378802332939e+32 1.62366152111183e+32 -8.53852245619761e+31 1 
0 2.46899903916563e+32 -4.69752467145431e+32 6.46818074734061e+32 -7.60764311817328e+32 8.00362580739065e+32 -7.61615784573924e+32 6.48195786594727e+32 -4.71130179006098e+32 2.47751376673159e+32 1 
0 -7.16652371061995e+32 1.36347044579606e+33 -1.87733485369682e+33 2.20794496729045e+33 -2.32274267713032e+33 2.21017415190772e+33 -1.88094175017475e+33 1.36707734227398e+33 -7.18881555679257e+32 1 
0 2.08012281685805e+33 -3.95745767055487e+33 5.44875026678333e+33 -6.40802249811759e+33 6.74086179632849e+33 -6.41385857921278e+33 5.45819324435645e+33 -3.96690064812799e+33 2.08595889795324e+33 1 
0 -6.03758048741292e+33 1.14863307541962e+34 -1.58142304354558e+34 1.85976345612294e+34 -1.95627428736589e+34 1.86129136198977e+34 -1.58389524716972e+34 1.15110527904377e+34 -6.05285954608123e+33 1 
0 1.75239112416092e+34 -3.3338141677065e+34 4.58981957508814e+34 -5.3974607870344e+34 5.6773291054786e+34 -5.40146089652538e+34 4.59629188820326e+34 -3.34028648082161e+34 1.75639123365189e+34 1 
0 -5.08620529186741e+34 9.67602486695556e+34 -1.3321094529829e+35 1.56646094676011e+35 -1.64762507890384e+35 1.56750818902072e+35 -1.33380392655503e+35 9.69296960267676e+34 -5.0966777144735e+34 1 
0 1.4762230158823e+35 -2.8083324688652e+35 3.86617288643857e+35 -4.54619547864686e+35 4.78159421468468e+35 -4.54893719447959e+35 3.87060907584343e+35 -2.81276865827005e+35 1.47896473171503e+35 1 
0 -4.2845554847475e+35 8.15072837118607e+35 -1.12207008339506e+36 1.31939625797701e+36 -1.38767268878111e+36 1.32011404850077e+36 -1.12323149285931e+36 8.1623424658285e+35 -4.29173338998508e+35 1 
0 1.24352838559336e+36 -2.36559846898842e+36 3.25653917849068e+36 -3.82913903015319e+36 4.02718299525889e+36 -3.83101823014119e+36 3.25957978794292e+36 -2.36863907844066e+36 1.24540758558136e+36 1 
0 -3.60912685458178e+36 6.86566603307246e+36 -9.45127667763229e+36 1.11128612039028e+37 -1.16873402555533e+37 1.1117781013343e+37 -9.45923709652478e+36 6.87362645196495e+36 -3.61404666402202e+36 1 
0 1.04747928876542e+37 -1.99260695652865e+37 2.74298039146075e+37 -3.22514781370883e+37 3.3917982472799e+37 -3.2264358365421e+37 2.74506445618327e+37 -1.99469102125117e+37 1.0487673115987e+37 1 
0 -3.04008624529408e+37 5.78306663675483e+37 -7.96073516169824e+37 9.35992645244948e+37 -9.84338189753084e+37 9.36329854000528e+37 -7.96619131397655e+37 5.78852278903314e+37 -3.04345833284987e+37 1 
0 8.8231528820489e+37 -1.67838880437471e+38 2.31037282509025e+38 -2.71640435116786e+38 2.85666068899856e+38 -2.71728717515127e+38 2.3118012643015e+38 -1.67981724358596e+38 8.83198112188302e+37 1 
0 -2.5607040925796e+38 4.87107691766986e+38 -6.70516598063282e+38 7.88343786525667e+38 -8.29035221531768e+38 7.88574912845133e+38 -6.70890568303872e+38 4.87481662007576e+38 -2.56301535577426e+38 1 
0 7.43178101024946e+38 -1.41369469908823e+39 1.94596807635594e+39 -2.28789560612072e+39 2.40595392090257e+39 -2.28850070268077e+39 1.94694714315658e+39 -1.41467376588887e+39 7.43783197585001e+38 1 
0 -2.15687280011318e+39 4.10284087646911e+39 -5.64755838156488e+39 6.63981760337922e+39 -6.98235022970406e+39 6.64140176673992e+39 -5.65012161172623e+39 4.10540410663045e+39 -2.15845696347387e+39 1 
0 6.25971367658229e+39 -1.19072720581472e+40 1.63902168614132e+40 -1.92697262146482e+40 2.02635695998232e+40 -1.92738736081702e+40 1.63969274850966e+40 -1.19139826818306e+40 6.26386107010433e+39 1 
0 -1.81669857347295e+40 3.45572025961427e+40 -4.75672151342086e+40 5.59235126758846e+40 -5.88071694226416e+40 5.593437069309e+40 -4.75847837750974e+40 3.45747712370315e+40 -1.81778437519349e+40 1 
0 5.27241883308721e+40 -1.00291403465081e+41 1.38047930406236e+41 -1.62297897232735e+41 1.70665052791616e+41 -1.62326323890829e+41 1.38093925705219e+41 -1.00337398764064e+41 5.27526149889664e+40 1 
0 -1.53015591795953e+41 2.91063522202189e+41 -4.00637231104051e+41 4.71010880430587e+41 -4.9528927391518e+41 4.71085302387664e+41 -4.00757648360112e+41 2.91183939458249e+41 -1.5309001375303e+41 1 
0 4.44079113998141e+41 -8.44716345102193e+41 1.16271163373683e+42 -1.36693738544982e+42 1.43738545673343e+42 -1.36713222466296e+42 1.16302689020602e+42 -8.45031601571391e+41 4.44273953211279e+41 1 
0 -1.28879545910033e+42 2.45150709283716e+42 -3.37436536428884e+42 3.96703447592007e+42 -4.1714550668462e+42 3.96754457160241e+42 -3.37519071644037e+42 2.45233244498869e+42 -1.28930555478267e+42 1 
0 3.74030255193749e+42 -7.11466791622633e+42 9.79290693304607e+42 -1.15128549070551e+43 1.21060341143687e+43 -1.1514190354889e+43 9.79506773303147e+42 -7.11682871621174e+42 3.74163799977136e+42 1 
0 -1.08549704681638e+43 2.06478774012099e+43 -2.84204297563275e+43 3.34117959544699e+43 -3.51330793763128e+43 3.34152922022892e+43 -2.84260868041322e+43 2.06535344490146e+43 -1.08584667159831e+43 1 
0 3.15028478693737e+43 -5.99232776257012e+43 8.24801031120073e+43 -9.69653050871102e+43 1.01960167533072e+44 -9.69744583827341e+43 8.24949134554359e+43 -5.99380879691299e+43 3.15120011649977e+43 1 
0 -9.1426125495075e+43 1.73906228607082e+44 -2.39368685824819e+44 2.81405575732189e+44 -2.95899931002916e+44 2.81429539371242e+44 -2.394074598073e+44 1.73945002589564e+44 -9.14500891341276e+43 1 
