T:1 dt0.0033333333 dx:0.1
0 1.69321572482671e-08 1.35457257986137e-07 1.06672590664083e-06 8.39834999514047e-06 6.61200740544829e-05 0.000520562242440723 0.0040983778654713 0.0322664606813297 0.254033307585166 1
0 2.35220400554387e-07 1.67857731745589e-06 1.15679110432591e-05 7.80640001489271e-05 0.000512163890206472 0.00322580623284905 0.0190475390632973 0.0999739718878734 0.393546707863734 1
0 1.60236657218478e-06 1.01994736578048e-05 6.14759819766164e-05 0.000355594160515707 0.0019472895003036 0.00987019604808921 0.0445513509995102 0.167150677574081 0.480163935114611 1
0 7.19352825103101e-06 4.09392860617042e-05 0.000216444517062582 0.00107891928835898 0.00498376766546618 0.0207762738255511 0.0752469982467723 0.225973434528417 0.539222481570118 1
0 2.41499983335932e-05 0.000123486587602917 0.000576347512929314 0.00250165687316059 0.00992101813639073 0.0350762244421904 0.107352916186689 0.276009403710268 0.582359095564895 1
0 6.5243306740588e-05 0.000301859872987414 0.00125519181548415 0.00480914113840502 0.0167139441497936 0.0516404581990302 0.138830889350606 0.318509363706602 0.615494393709556 1
0 0.000148986302257833 0.000629057318112895 0.00235559762847093 0.00808395543632554 0.0251103453432355 0.0694934313729485 0.168730439343832 0.354876704069652 0.64192045532681 1
0 0.000297971376453826 0.00115876848448638 0.00395136329625685 0.0123167346172462 0.0347807489247045 0.0879104885981739 0.196688649681825 0.3863068160385 0.663608167676924 1
0 0.000536052785328655 0.00193776829232756 0.00608168494263563 0.0174347549619974 0.0453973040633976 0.106393458630945 0.222639011984936 0.413746733884566 0.681810777578845 1
0 0.00088537249607394 0.00300100053494934 0.00875382088624627 0.0233303035301533 0.0566705985009571 0.124617054630971 0.246655687974695 0.437932208711331 0.69736525661391 1
0 0.00136401440659723 0.00436962473353276 0.0119497879395473 0.0298820911727577 0.0683613079346979 0.142378620139873 0.268873148184755 0.459434550097087 0.710853473158007 1
0 0.00198462973522065 0.00605135552184351 0.0156339131592518 0.0369690820876917 0.0802792829770057 0.159559238676931 0.289445689759499 0.478700516423079 0.722693619894024 1
0 0.00275400850975731 0.0080421936153324 0.0197595754310553 0.0444783195865676 0.0922774567744609 0.176095881936474 0.308527671273101 0.496082974110329 0.733194746263688 1
0 0.00367337635931913 0.0103287832201914 0.0242745310000701 0.052308649854248 0.104244357282127 0.191962179781882 0.326264425179473 0.511863680514694 0.742590704959972 1
0 0.00473914509519031 0.0128908721040545 0.0291247914970911 0.0603719027979541 0.116096943187353 0.207155383936232 0.342788626713376 0.526270068756307 0.751062071138861 1
0 0.00594387797537915 0.0157035713182174 0.0342572675618608 0.0685926282862958 0.127774412852245 0.221687615048064 0.358219401886613 0.5394876404988 0.758750749226319 1
0 0.00727729446782102 0.0187392725228341 0.039621454904742 0.076907096863146 0.139233126441137 0.235580019922608 0.372662758008614 0.551669181052985 0.765769977307133 1
0 0.00872720418079359 0.0219691830522306 0.0451704207731516 0.0852619941280342 0.15044256345266 0.248858890942942 0.386212599950688 0.562941675652516 0.772211345741754 1
0 0.0102803120089456 0.02536449629616 0.050861301197467 0.0936130530107049 0.161382162150224 0.261553105309474 0.398951953150451 0.573411553495924 0.778149826514432 1
0 0.0119228733602788 0.0288972425502877 0.0566554686509697 0.101923752560737 0.172038876444412 0.273692452073484 0.41095420360489 0.583168705358435 0.783647445614011 1
0 0.0136412013663086 0.0325408749390659 0.0625184859338199 0.11016414281659 0.182405301260573 0.285306556856125 0.422284265245191 0.592289593253923 0.78875601013355 1
0 0.0154220406035063 0.0362706444237501 0.0684199277301024 0.118309815926134 0.192478241218213 0.296424209104561 0.432999637688008 0.600839681308693 0.793519164387102 1
0 0.0172528274047952 0.0400638124005865 0.0743331257712873 0.126341022499418 0.202257621571209 0.30707296016671 0.443151344438008 0.608875354172067 0.797973961628646 1
0 0.0191218580025029 0.0438997420002558 0.080234875221115 0.134241921783511 0.211745661706801 0.317278902919935 0.452784754976619 0.616445444802206 0.802152080686107 1
0 0.0210183844499045 0.0477599015889685 0.0861051270372027 0.141999950040426 0.220946249224249 0.327066572222913 0.461940300195898 0.623592461715654 0.806080778657786 1
0 0.022932655795728 0.0516278069772379 0.091926682179194 0.149605290678108 0.229864466822513 0.336458924741663 0.470654092798988 0.630353582928081 0.80978364490936 1
0 0.0248559191211769 0.0554889228092648 0.0976848974690678 0.157050430571156 0.23850623538604 0.345477369807342 0.478958464484541 0.636761467203289 0.813281203721101 1
0 0.026780392238012 0.059330538610124 0.103367408815676 0.164329788658594 0.246878045313342 0.354141831925481 0.486882430990559 0.642844921050199 0.816591400392237 1
0 0.0286992173138999 0.0631416309490274 0.108963874784135 0.17143940479263 0.254986754793511 0.362470831718015 0.494452094944782 0.64862945090232 0.819729996690183 1
0 0.0306064025273841 0.0669127200144457 0.114465741694037 0.178376678659654 0.26283943883503 0.370481576335901 0.501690995241824 0.654137723199232 0.822710895107786 1
0 0.0324967570721119 0.0706357264529133 0.11986603027199 0.185140150272762 0.27044327674242 0.37819005333092 0.508620410484483 0.659389950042517 0.825546406709112 1
0 0.0343658234007277 0.0743038324644602 0.125159143159198 0.191729314995489 0.277805468699254 0.385611124025179 0.515259622951594 0.664404214276206 0.828247473894396 1
0 0.0362098094777769 0.0779113497548442 0.13034069214321 0.198144467294093 0.284933174369129 0.392758613841258 0.521626148609372 0.669196744925957 0.830823856847469 1
0 0.038025522947876 0.0814535959170561 0.135407343748209 0.204386568446839 0.291833468137787 0.399645398043594 0.527735937867427 0.673782151691121 0.833284290500869 1
0 0.039810308472175 0.0849267800688404 0.140356681714239 0.210457134288337 0.298513306919108 0.406283482022942 0.53360355108484 0.678173625451358 0.835636617393245 1
0 0.0415619889999912 0.088327898042389 0.145187084877346 0.216358139762246 0.304979507433926 0.412684075721448 0.539242312241944 0.682383110400445 0.837887900678098 1
0 0.0432788113870558 0.0916546370540929 0.149897618998794 0.222091937622242 0.311238730618889 0.418857662109473 0.544664443695229 0.686421452362686 0.84004452068444 1
0 0.0449593965171723 0.0949052895350619 0.154487941161102 0.22766118908224 0.317297471390165 0.424814059831807 0.549881184512281 0.690298527013365 0.842112257764227 1
0 0.0466026939061251 0.0980786756452499 0.158958215437353 0.233068804591862 0.323162052417314 0.430562480271948 0.554902894528596 0.694023351062521 0.844096363641599 1
0 0.0482079406463615 0.101174073901142 0.163309038638295 0.238317893218693 0.328838620889136 0.436111579361331 0.559739145967808 0.697604178932279 0.84600162307015 1
0 0.0497746244734074 0.104191159300671 0.167541375042738 0.243411719368223 0.334333147500842 0.44146950450194 0.564398804212413 0.70104858703252 0.847832407280675 1
0 0.0513024506887258 0.107129948315506 0.171656499116491 0.248353665776576 0.339651427079646 0.44664393698706 0.568890099095815 0.704363547395351 0.849592720443822 1
0 0.0527913126500215 0.109990750129763 0.175655945320843 0.253147201878933 0.344799080408178 0.451642130304273 0.573220687902309 0.707555492148531 0.851286240164896 1
0 0.0542412655322316 0.112774123528003 0.179541464201878 0.257795856794953 0.349781556912996 0.456470944693094 0.577397711104178 0.710630370078288 0.852916352860801 1
0 0.0556525030656718 0.115480838868445 0.183314984035766 0.262303196287215 0.354604137967266 0.461136878310878 0.581427841730205 0.71359369634267 0.85448618473302 1
0 0.0570253369683587 0.118111844615737 0.186978577382321 0.266672803144108 0.359271940618652 0.465646095337954 0.585317329143997 0.71645059623965 0.8559986289393 1
0 0.0583601788047065 0.12066823794848 0.190534431969503 0.270908260518415 0.36378992160041 0.470004451328191 0.589072037910654 0.719205843803449 0.857456369475038 1
0 0.0596575240206653 0.123151238998016 0.193984825395337 0.275013137819769 0.368162881519239 0.4742175160859 0.592697482344132 0.721863895892897 0.858861902199562 1
0 0.0609179379245202 0.125562168315484 0.197332103191286 0.278990978815669 0.372395469140417 0.478290594325046 0.596198857252977 0.724428922343448 0.860217553379324 1
0 0.0621420434020491 0.127902427202828 0.200578659842833 0.282845291643537 0.376492185711086 0.482228744342763 0.599581065337437 0.726904832676333 0.861525496067135 1
0 0.0633305101738684 0.130173480579922 0.203726922409318 0.286579540476925 0.380457389278013 0.486036794916534 0.602848741634683 0.729295299792089 0.86278776459212 1
0 0.0644840454211507 0.132376842093809 0.206779336426449 0.290197138623661 0.384295298967812 0.489719360613327 0.60600627535997 0.731603781019073 0.864006267397456 1
0 0.0656033856232043 0.134514061207222 0.209738353811733 0.293701442863379 0.388009999206395 0.493280855679545 0.609057829448878 0.733833536839201 0.865182798431012 1
0 0.0666892894665079 0.136586712032024 0.21260642252586 0.297095748857325 0.39160544386109 0.496725506662891 0.612007358068583 0.735987647571515 0.866319047266846 1
0 0.0677425316996357 0.13859638369903 0.215385977772138 0.300383287485282 0.395085460293867 0.500057363901079 0.614858622333527 0.738069028258397 0.867416608112162 1
0 0.0687638978220694 0.140544672078983 0.218079434541901 0.303567221983363 0.398453753317868 0.503280311997754 0.617615204432451 0.740080441968268 0.868476987834415 1
0 0.0697541795072164 0.142433172690471 0.220689181336649 0.306650645772767 0.40171390905227 0.506398079392801 0.620280520348808 0.74202451170184 0.869501613125971 1
0 0.0707141706710844 0.144263474649338 0.223217574917873 0.309636580883809 0.404869398672614 0.509414247122457 0.622857831334757 0.743903731065728 0.870491836908931 1
0 0.0716446641080816 0.146037155530977 0.225666935953428 0.312527976891809 0.407923582055321 0.512332256854038 0.625350254279785 0.745720473857024 0.87144894406981 1
0 0.0725464486243955 0.14775577703186 0.228039545445065 0.315327710292163 0.410879711316252 0.515155418270716 0.627760771098217 0.747477002684818 0.872374156602635 1
0 0.0734203066074306 0.149420881330002 0.230337641835688 0.318038584251214 0.413740934244052 0.517886915873314 0.63009223724513 0.749175476739324 0.873268638229335 1
0 0.0742670119769543 0.151033988055909 0.232563418707194 0.320663328677678 0.416510297629634 0.52052981525866 0.632347389457208 0.750817958805848 0.874133498557814 1
0 0.0750873284699716 0.152596591796046 0.23471902299061 0.323204600566467 0.419190750493586 0.523087068927349 0.634528852803726 0.752406421609115 0.874969796830777 1
0 0.0758820082170156 0.154110160060192 0.236806553619759 0.325664984572931 0.421785147213623 0.525561521667893 0.636639147122809 0.753942753563212 0.87577854531193 1
0 0.0766517905725676 0.155576131652286 0.238828060568176 0.328046993780961 0.424296250554406 0.527955915558969 0.638680692909343 0.755428763993435 0.876560712350546 1
0 0.0773974011667726 0.156995915391625 0.240785544216337 0.330353070633119 0.426726734602193 0.530272894626869 0.640655816713132 0.756866187888408 0.877317225160504 1
0 0.0781195511495587 0.158370889137754 0.242680955002867 0.332585587995093 0.429079187606869 0.532515009191098 0.642566756099112 0.758256690233991 0.878048972345552 1
0 0.0788189366017532 0.159702399078036 0.244516193319093 0.334746850330393 0.431356114733941 0.534684719927466 0.64441566421542 0.759601869974359 0.87875680619882 1
0 0.0794962380908694 0.160991759241906 0.246293109611387 0.336839094964386 0.433559940729097 0.536784401674769 0.646204614009827 0.760903263640344 0.879441544801248 1
0 0.0801521203519548 0.162240251210255 0.248013504660202 0.338864493419519 0.435693012497919 0.538816347008289 0.647935602130395 0.762162348680446 0.880103973940723 1
0 0.0807872320762916 0.163449123992259 0.249679130008606 0.340825152806012 0.437757601603295 0.54078276960086 0.649610552542118 0.76338054652577 0.880744848871139 1
0 0.0814022057928557 0.16461959404542 0.251291688516571 0.342723117254447 0.439755906683056 0.542685807389951 0.6512313198877 0.764559225416549 0.881364895928359 1
0 0.0819976578293036 0.165752845417586 0.252852835020279 0.344560369378499 0.441690055790301 0.544527525567285 0.652799692617413 0.76569970301472 0.881964814018088 1
0 0.0825741883409008 0.166850029992406 0.254364177078417 0.346338831757725 0.443562108658806 0.546309919405732 0.654317395910197 0.766803248824186 0.882545275988908 1
0 0.0831323813972492 0.167912267821985 0.255827275789687 0.348060368431712 0.445374058895885 0.548034916936686 0.65578609440567 0.767871086437968 0.883106929902223 1
0 0.0836728051179464 0.16894064753259 0.2572436466679 0.349726786398162 0.447127836104978 0.549704381489726 0.657207394764536 0.768904395629226 0.883650400209511 1
0 0.0841960118494279 0.169936226791047 0.258614760562745 0.351339837108558 0.448825307940194 0.551320114105195 0.658582848072942 0.769904314301245 0.884176288846064 1
0 0.0847025383762284 0.170900032821069 0.259942044615958 0.352901217956012 0.450468282094967 0.552883855829191 0.659913952104644 0.770871940309755 0.884685176249407 1
0 0.0851929061607666 0.17183306296015 0.261226883243975 0.354412573750734 0.452058508226923 0.554397289899578 0.661202153453325 0.771808333169501 0.885177622309611 1
0 0.085667621606515 0.172736285248903 0.26247061913937 0.355875498179275 0.453597679820998 0.555862043830706 0.662448849546088 0.772714515655622 0.885654167257946 1
0 0.0861271763400901 0.173610639045757 0.263674554284469 0.357291535244338 0.455087435992768 0.557279691403831 0.663655390547971 0.773591475309259 0.886115332499583 1
0 0.0865720475083802 0.174457035660924 0.264839950971423 0.35866218068249 0.456529363233908 0.558651754569532 0.664823081166287 0.774440165855788 0.886561621395422 1
0 0.0870026980873483 0.175276359004341 0.265968032823881 0.359988883357601 0.457924997101636 0.55997970526783 0.66595318236268 0.77526150854314 0.886993519997577 1
0 0.0874195771995962 0.176069466243035 0.267059985816093 0.361273046628243 0.459275823853926 0.561264967171192 0.667046912979975 0.776056393406917 0.887411497742546 1
0 0.0878231204381763 0.17683718846399 0.268116959285911 0.362516029687643 0.46058328203224 0.562508917355136 0.668105451290175 0.776825680468254 0.88781600810567 1
0 0.0882137501944809 0.177580331339152 0.269140066938692 0.363719148875107 0.461848763993445 0.563712887900716 0.669129936469324 0.777570200869784 0.88820748922009 1
0 0.0885918759883491 0.178299675789717 0.270130387839604 0.364883678958092 0.463073617392565 0.564878167432823 0.67012147000439 0.778290757954503 0.888586364463081 1
0 0.0889578947987929 0.17899597864723 0.271088967392224 0.366010854384336 0.464259146617923 0.566006002597874 0.671081117036824 0.77898812829183 0.888953043012332 1
0 0.0893121913939817 0.179669973309452 0.272016818301699 0.367101870503676 0.46540661418022 0.567097599484182 0.672009907646991 0.779663062654744 0.889307920374488 1
0 0.0896551386593267 0.180322370389235 0.272914921521062 0.368157884759337 0.466517242057013 0.568154124988031 0.672908838083299 0.780316286951472 0.889651378888021 1
0 0.0899870979226858 0.180953858354945 0.273784227179549 0.369180017848626 0.467592212994037 0.569176708128244 0.673778871939477 0.780948503114874 0.889983788202304 1
0 0.0903084192758657 0.181565104161237 0.274625655492014 0.370169354853106 0.46863267176474 0.570166441311798 0.67462094128315 0.781560389952373 0.890305505734558 1
0 0.0906194418917329 0.182156753869163 0.275440097648747 0.371126946338415 0.469639726389395 0.571124381552882 0.675435947738581 0.782152603958998 0.890616877106201 1
0 0.0909204943363662 0.182729433254834 0.276228416685176 0.372053809424005 0.47061444931506 0.572051551647597 0.676224763526209 0.782725780095867 0.890918236559958 1
0 0.0912118948757834 0.183283748405968 0.276991448331079 0.372950928823125 0.471557878557663 0.572948941306335 0.67698823246136 0.783280532536249 0.891209907358994 1
0 0.0914939517768672 0.183820286305836 0.277730001839089 0.373819257853469 0.472471018807418 0.573817508245768 0.677727170914363 0.78381745538111 0.891492202169167 1
0 0.091766963602192 0.184339615404231 0.278444860792354 0.374659719418937 0.473354842498757 0.574658179242209 0.678442368734059 0.784337123345937 0.891765423425464 1
0 0.0920312194985207 0.184842286175167 0.279136783891345 0.375473206963013 0.474210290845901 0.57547185114802 0.679134590136604 0.784840092420425 0.892029863683528 1
0 0.0922869994788002 0.185328831661151 0.279806505719876 0.376260585394296 0.475038274845195 0.576259391872629 0.679804574561252 0.785326900502527 0.892285805957133 1
0 0.0925345746975325 0.185799768003908 0.280454737490451 0.377022691984746 0.475839676245259 0.577021641329621 0.680453037494749 0.785798068008206 0.892533524042408 1
0 0.0927742077194456 0.186255594961527 0.281082167769152 0.377760337241229 0.47661534848599 0.577759412351283 0.681080671265783 0.786254098458158 0.8927732828295 1
0 0.0930061527814202 0.186696796412053 0.281689463180298 0.378474305750972 0.477366117607418 0.578473491571902 0.68168814581089 0.786695479042645 0.89300533860235 1
0 0.0932306560476661 0.187123840843595 0.282277269091167 0.37916535700152 0.478092783129389 0.579164640281049 0.682276109413084 0.787122681165512 0.893229939327195 1
0 0.0934479558581647 0.187537181831058 0.282846210277085 0.37983422617584 0.478796118902997 0.579833595248009 0.682845189414411 0.787536160968384 0.893447324930335 1
0 0.0936582829704202 0.187937258499645 0.283396891567257 0.380481624923173 0.479476873934684 0.580481069518461 0.683395992903555 0.787936359835943 0.893657727565708 1
0 0.09386186079458 0.188324495975315 0.283929898471679 0.381108242106275 0.480135773183885 0.581107753184437 0.683929107379528 0.788323704883164 0.893861371872743 1
0 0.0940589056220022 0.188699305822383 0.284445797789544 0.381714744525659 0.480773518335062 0.581714314128584 0.684445101392448 0.788698609425288 0.894058475224928 1
0 0.0942496268473609 0.189062086468495 0.284945138199522 0.382301777621464 0.481390788544949 0.58230139874364 0.684944525162326 0.789061473431299 0.894249247969538 1
0 0.0944342271843924 0.189413223617201 0.285428450832351 0.382869966153562 0.481988241165814 0.582869632628048 0.685427911176734 0.789412683961584 0.894433893658879 1
0 0.0946129028753944 0.189753090648384 0.285896249826132 0.383419914860504 0.48256651244549 0.583419621258553 0.685895774768196 0.789752615590449 0.894612609273444 1
0 0.0947858438945956 0.190082049006803 0.286349032864767 0.383952209097919 0.483126218204944 0.583951950640613 0.686348614672062 0.790081630814098 0.89478558543729 1
0 0.0949532341455243 0.190400448579008 0.286787281699966 0.384467415456929 0.483667954494079 0.584467187937396 0.686786913565628 0.790400080444671 0.894953006625991 1
0 0.0951152516525017 0.190708628058908 0.287211462657237 0.384966082363187 0.484192298226494 0.584965882078123 0.687211138589196 0.790708303990867 0.895115051367438 1
0 0.0952720687463966 0.191006915302258 0.287622027126298 0.385448740657079 0.484699807793855 0.585448564346473 0.687621741849744 0.791006630025705 0.895271892435791 1
0 0.0954238522447746 0.191295627670352 0.288019412036318 0.385915904155667 0.485191023660547 0.585915748949735 0.688019160907846 0.791295376541881 0.895423697038844 1
0 0.0955707636265799 0.191575072363188 0.288404040316422 0.386368070196898 0.485666468939233 0.586367933569377 0.688403819248449 0.791574851295215 0.895570626999059 1
0 0.0957129592014868 0.191845546742386 0.288776321341849 0.386805720166629 0.486126649947936 0.586805599893651 0.688776126736082 0.79184535213662 0.895712838928509 1
0 0.0958505902740594 0.192107338644141 0.28913665136619 0.387229320008966 0.486572056749232 0.587229214132864 0.68913648005506 0.792107167333011 0.895850484397958 1
0 0.0959838033028562 0.192360726682471 0.289485413940097 0.38763932072044 0.487003163672135 0.587639227517885 0.689485263135196 0.79236057587757 0.895983710100302 1
0 0.0961127400546168 0.192605980543039 0.289822980316856 0.38803615882851 0.487420429817229 0.588036076782457 0.689822847563554 0.792605847789737 0.896112658008565 1
0 0.0962375377536648 0.192843361267812 0.290149709845206 0.388420256854863 0.487824299545576 0.58842018462986 0.690149592982697 0.792843244405304 0.896237465528663 1
0 0.0963583292266616 0.193073121530821 0.290465950349789 0.388792023763995 0.488215202951934 0.588791960184446 0.690465847475919 0.793073018656951 0.896358265647113 1
0 0.0964752430428425 0.193295505905272 0.290772038499594 0.389151855397509 0.488593556322778 0.589151799428539 0.690771947939898 0.793295415345576 0.896475187073873 1
0 0.0965884036498637 0.193510751122268 0.291068300164753 0.389500134894598 0.488959762579621 0.589500085625207 0.691068220445204 0.793510671402719 0.896588354380473 1
0 0.0966979315053891 0.193719086321391 0.291355050762048 0.389837233099114 0.489314211708094 0.589837189727351 0.691354980585063 0.793719016144405 0.896697888133627 1
0 0.0968039432045403 0.193920733293376 0.291632595589467 0.390163508953666 0.48965728117326 0.590163470773576 0.691632533812785 0.793920671516693 0.896803905024451 1
0 0.0969065516033326 0.194115906715124 0.291901230150147 0.390479309881141 0.489989336321587 0.590479276271272 0.691901175768237 0.794115852333214 0.896906517993464 1
0 0.0970058659382163 0.194304814377277 0.292161240466021 0.390784972154042 0.490310730770017 0.59078494256733 0.692161192593717 0.794304766504972 0.897005836351505 1
0 0.097101991941841 0.194487657404586 0.292412903381503 0.391080821252032 0.490621806782546 0.591080795206899 0.692412861239593 0.794487615262677 0.897101965896709 1
0 0.0971950319551553 0.194664630469292 0.292656486857496 0.391367172208049 0.490922895634716 0.591367149280562 0.692656449760044 0.79466459337184 0.897195009027669 1
0 0.0972850850359552 0.194835921997728 0.292892250256051 0.391644329943357 0.491214317966395 0.591644309760329 0.692892217599226 0.794835889340904 0.897285064852928 1
0 0.0973722470639882 0.195001714370356 0.293120444615941 0.391912589591882 0.491496384123243 0.591912571824797 0.693120415868193 0.795001685622608 0.897372229296903 1
0 0.0974566108427188 0.195162184115441 0.293341312919452 0.392172236814172 0.491769394487207 0.592172221173836 0.693341287612857 0.795162158808846 0.897456595202383 1
0 0.097538266197859 0.195317502096557 0.29355509035066 0.392423548101302 0.49203363979641 0.592423534333141 0.693555068073307 0.795317479819204 0.897538252429698 1
0 0.0976173000727643 0.195467833694121 0.29376200454546 0.392666791069063 0.492289401454765 0.592666778948974 0.693761984934744 0.795467814083405 0.897617287952675 1
0 0.0976937966207896 0.195613338981139 0.29396227583361 0.392902224742718 0.492536951831655 0.592902214073423 0.693962258570329 0.795613321717858 0.897693785951496 1
0 0.0977678372947043 0.195754172893337 0.294156117473035 0.393130099832645 0.492776554551986 0.593130090440483 0.694156102276198 0.7957541576965 0.897767827902543 1
0 0.0978395009332533 0.195890485393873 0.294343735876643 0.393350659001147 0.493008464776933 0.593350650733242 0.694343722498892 0.795890472016123 0.897839492665349 1
0 0.0979088638449581 0.196022421632779 0.294525330831885 0.393564137120714 0.493232929475666 0.593564129842492 0.694525319055474 0.796022409856368 0.897908856566736 1
0 0.0979759998892404 0.196150122101312 0.294701095713294 0.393770761524008 0.49345018768836 0.593770755117001 0.694701085346539 0.796150111734557 0.897975993482234 1
0 0.0980409805549552 0.196273722781369 0.294871217688212 0.393970752245832 0.493660470780754 0.593970746605754 0.694871208562375 0.796273713655532 0.898040974914878 1
0 0.0981038750364143 0.196393355290125 0.29503587791594 0.394164322257347 0.493864002690543 0.594164317292396 0.695035869882481 0.796393347256666 0.898103870071464 1
0 0.098164750306978 0.196509147020042 0.295195251740507 0.394351677692779 0.494061000165855 0.594351673322141 0.695195244668666 0.796509139948202 0.89816474593634 1
0 0.0982236711902944 0.196621221274401 0.295349508877263 0.394533018068852 0.494251672996072 0.594533014221386 0.695349502651933 0.796621215049072 0.898223667342829 1
0 0.0982807004292586 0.19672969739849 0.295498813593497 0.394708536497186 0.494436224235248 0.594708533110269 0.69549880811335 0.796729691918343 0.898280697042342 1
0 0.0983358987527648 0.196834690906594 0.295643324883268 0.394878419889887 0.49461485041834 0.59487841690839 0.695643320059104 0.796834686082429 0.898335895771267 1
0 0.0983893249403215 0.196936313604919 0.295783196636626 0.395042849158537 0.494787741770513 0.59504284653393 0.695783192389923 0.796936309358216 0.898389322315714 1
0 0.0984410358845982 0.19703467371058 0.295918577803418 0.395201999406802 0.494955082409711 0.595201997096365 0.695918574065052 0.797034669972214 0.898441033574161 1
0 0.0984910866519676 0.197129875966768 0.296049612551836 0.395356040116863 0.495117050542733 0.595356038082989 0.696049609260958 0.79712987267589 0.898491084618094 1
0 0.0985395305411089 0.197222021754233 0.296176440421884 0.395505135329865 0.495273818655012 0.595505133539449 0.69617643752493 0.79722201885728 0.898539528750693 1
0 0.0985864191397334 0.197311209199198 0.296299196473926 0.395649443820573 0.495425553694301 0.595649442244473 0.696299193923742 0.797311206649015 0.898586417563634 1
0 0.0986318023794916 0.197397533277801 0.296418011432463 0.39578911926643 0.495572417248459 0.595789117878992 0.696418009187541 0.797397531032879 0.898631800992054 1
0 0.0986757285891207 0.197481085917198 0.296533011825309 0.395924310411186 0.495714565717534 0.595924309189826 0.696533009849107 0.797481083940997 0.898675727367761 1
0 0.0987182445458883 0.197561956093425 0.29664432011829 0.396055161223274 0.495852150480317 0.596055160148113 0.696644318378643 0.797561954353779 0.898718243470728 1
0 0.0987593955253864 0.197640229926112 0.296752054845635 0.396181811049111 0.495985318055552 0.596181810102649 0.696752053314227 0.797640228394705 0.898759394578924 1
0 0.0987992253497288 0.197715990770172 0.296856330736176 0.396304394761472 0.496114210257968 0.596304393928303 0.69685632938808 0.797715989422077 0.89879922451656 1
0 0.098837776434203 0.197789319304537 0.296957258835499 0.396423042903104 0.496238964349302 0.596423042169667 0.696957257648772 0.797789318117811 0.898837775700766 1
0 0.0988750898324257 0.197860293618057 0.297054946624178 0.396537881825734 0.496359713184476 0.59653788118009 0.697054945579505 0.797860292573384 0.898875089186782 1
0 0.0989112052800496 0.197928989292637 0.297149498132219 0.39664903382461 0.496476585353074 0.596649033256251 0.697149497212595 0.797928988373014 0.898911204711691 1
0 0.0989461612370687 0.197995479483714 0.297241014049821 0.39675661726873 0.496589705316286 0.596756616768405 0.697241013240278 0.79799547867417 0.898946160736743 1
0 0.0989799949287658 0.198059834998138 0.297329591834594 0.396860746726884 0.496699193539452 0.596860746286449 0.697329591121954 0.798059834285498 0.89897999448833 1
0 0.0990127423853468 0.198122124369573 0.297415325815328 0.396961533089657 0.496805166620342 0.596961532701942 0.697415325187993 0.798122123742238 0.899012741997632 1
0 0.0990444384803031 0.198182413931464 0.29749830729244 0.397059083687509 0.496907737413335 0.597059083346205 0.697498306740197 0.798182413379222 0.899044438138999 1
0 0.0990751169675427 0.198240767887666 0.297578624635184 0.397153502405074 0.497007015149594 0.597153502104624 0.697578624149046 0.798240767401528 0.899075116667093 1
0 0.0991048105173308 0.19829724838081 0.297656363375758 0.397244889791778 0.497103105553393 0.597244889527292 0.697656362947811 0.798297247952863 0.899104810252845 1
0 0.0991335507510757 0.198351915558472 0.297731606300376 0.397333343168918 0.497196110954707 0.597333342936092 0.697731605923656 0.798351915181752 0.89913355051825 1
0 0.0991613682749995 0.198404827637221 0.297804433537427 0.397418956733296 0.497286130398184 0.597418956528339 0.6978044332058 0.798404827305595 0.899161368070043 1
0 0.0991882927127279 0.198456040964604 0.297874922642794 0.397501821657527 0.497373259748625 0.597501821477104 0.697874922350864 0.798456040672674 0.899188292532305 1
0 0.0992143527368335 0.198505610079153 0.297943148682449 0.397582026187131 0.497457591793071 0.597582026028305 0.697943148425463 0.798505609822167 0.899214352578008 1
0 0.0992395760993677 0.198553587768455 0.29800918431238 0.397659655734505 0.497539216339614 0.597659655594691 0.698009184086156 0.798553587542231 0.899239575959554 1
0 0.0992639896614118 0.198600025125368 0.298073099855966 0.397734792969878 0.497618220313041 0.5977347928468 0.698073099656821 0.798600024926224 0.899263989538334 1
0 0.0992876194216799 0.198644971602424 0.29813496337886 0.397807517909347 0.497694687847399 0.597807517801002 0.698134963203553 0.798644971427117 0.899287619313335 1
0 0.0993104905442041 0.198688475064489 0.298194840761474 0.397877908000089 0.497768700375593 0.597877907904713 0.698194840607152 0.798688474910167 0.899310490448828 1
0 0.0993326273851303 0.198730581839737 0.29825279576913 0.397946038202833 0.49784033671611 0.597946038118874 0.698252795633281 0.798730581703888 0.899332627301171 1
0 0.0993540535186547 0.198771336768979 0.29830889011997 0.398011981071687 0.497909673156952 0.598011980997777 0.698308890000382 0.798771336649391 0.899354053444746 1
0 0.0993747917621269 0.198810783253417 0.298363183550671 0.398075806831402 0.497976783536877 0.59807580676634 0.698363183445397 0.798810783148144 0.899374791697065 1
0 0.0993948642003481 0.19884896330086 0.298415733880065 0.398137583452157 0.498041739324036 0.598137583394883 0.698415733787393 0.798848963208188 0.899394864143074 1
0 0.0994142922090886 0.198885917570456 0.298466597070709 0.39819737672194 0.498104609692081 0.598197376671522 0.69846659698913 0.798885917488878 0.89941429215867 1
0 0.0994330964778506 0.198921685415994 0.298515827288479 0.398255250316607 0.498165461593827 0.598255250272224 0.698515827216666 0.798921685344181 0.899433096433468 1
0 0.0994512970319005 0.198956304927807 0.298563476960252 0.398311265867693 0.498224359832557 0.598311265828623 0.698563476897035 0.79895630486459 0.89945129699283 1
0 0.0994689132535936 0.198989812973339 0.298609596829737 0.398365483028043 0.49828136713103 0.59836548299365 0.698609596774087 0.798989812917689 0.8994689132192 1
0 0.0994859639030143 0.199022245236401 0.298654236011509 0.398417959535341 0.498336544198277 0.598417959505064 0.69865423596252 0.799022245187413 0.899485963872738 1
0 0.0995024671379542 0.199053636255175 0.298697442043318 0.39846875127359 0.498389949794255 0.598468751246938 0.698697442000193 0.799053636212051 0.899502467111302 1
0 0.0995184405332479 0.199084019458991 0.298739260936708 0.398517912332633 0.498441640792419 0.598517912309171 0.698739260898745 0.799084019421029 0.899518440509786 1
0 0.0995339010994888 0.199113427203928 0.298779737226016 0.398565495065746 0.49849167224029 0.598565495045092 0.698779737192598 0.79911342717051 0.899533901078835 1
0 0.0995488653011442 0.19914189080727 0.2988189140158 0.398611550145396 0.498540097418076 0.598611550127214 0.698818913986382 0.799141890777852 0.899548865282963 1
0 0.099563349074088 0.199169440580857 0.298856833026741 0.398656126617202 0.498586967895414 0.598656126601197 0.698856833000844 0.79916944055496 0.899563349058083 1
0 0.0995773678425713 0.199196105863362 0.298893534640069 0.398699271952165 0.498632333586287 0.598699271938075 0.698893534617272 0.799196105840565 0.899577367828482 1
0 0.0995909365356482 0.199221915051538 0.29892905794057 0.39874103209722 0.498676242802178 0.598741032084818 0.698929057920502 0.799221915031471 0.899590936523246 1
0 0.0996040696030735 0.199246895630457 0.298963440758208 0.39878145152417 0.498718742303522 0.598781451513252 0.698963440740543 0.799246895612791 0.899604069592156 1
0 0.0996167810306908 0.199271074202776 0.298996719708409 0.39882057327704 0.498759877349497 0.598820573267428 0.698996719692858 0.799271074187225 0.89961678102108 1
0 0.0996290843553266 0.199294476517073 0.299028930231056 0.398858439017919 0.498799691746229 0.598858439009458 0.699028930217366 0.799294476503384 0.899629084346866 1
0 0.0996409926792054 0.199317127495263 0.299060106628226 0.398895089071328 0.498838227893438 0.59889508906388 0.699060106616175 0.799317127483213 0.899640992671758 1
0 0.099652518683903 0.199339051259139 0.299090282100724 0.398930562467161 0.498875526829591 0.598930562460605 0.699090282090116 0.799339051248531 0.899652518677347 1
0 0.0996636746438513 0.199360271156059 0.299119488783439 0.398964896982251 0.498911628275608 0.598964896976479 0.6991194887741 0.799360271146721 0.89966367463808 1
0 0.0996744724394096 0.199380809783812 0.299147757779559 0.398998129180596 0.498946570677159 0.598998129175515 0.699147757771339 0.799380809775591 0.899674472434329 1
0 0.0996849235695162 0.199400689014679 0.299175119193703 0.399030294452302 0.49898039124561 0.59903029444783 0.699175119186467 0.799400689007443 0.899684923565044 1
0 0.0996950391639344 0.199419930018731 0.299201602163974 0.399061427051268 0.499013125997646 0.599061427047331 0.699201602157604 0.799419930012361 0.899695039159998 1
0 0.0997048299951043 0.199438553286366 0.299227234892991 0.399091560131664 0.499044809793631 0.599091560128198 0.699227234887383 0.799438553280758 0.899704829991639 1
0 0.099714306489615 0.199456578650137 0.299252044677921 0.399120725783241 0.499075476374727 0.59912072578019 0.699252044672985 0.799456578645201 0.899714306486564 1
0 0.0997234787393081 0.199474025305868 0.299276057939554 0.3991489550655 0.499105158398832 0.599148955062814 0.699276057935208 0.799474025301523 0.899723478736623 1
0 0.099732356512025 0.199490911833099 0.299299300250432 0.399176278040771 0.499133887475352 0.599176278038407 0.699299300246606 0.799490911829274 0.899732356509661 1
0 0.0997409492620084 0.199507256214868 0.299321796362087 0.399202723806228 0.49916169419887 0.599202723804147 0.699321796358719 0.799507256211501 0.899740949259928 1
0 0.0997492661399712 0.199523075856867 0.299343570231398 0.399228320524874 0.499188608181722 0.599228320523042 0.699343570228434 0.799523075853903 0.899749266138139 1
0 0.0997573160028407 0.199538387605973 0.299364645046105 0.399253095455532 0.499214658085532 0.599253095453919 0.699364645043495 0.799538387603364 0.899757316001228 1
0 0.0997651074231908 0.199553207768191 0.299385043249499 0.399277074981875 0.499239871651738 0.599277074980455 0.699385043247202 0.799553207765894 0.899765107421772 1
0 0.0997726486983716 0.199567552126019 0.299404786564326 0.399300284640525 0.499264275731135 0.599300284639275 0.699404786562304 0.799567552123997 0.899772648697122 1
0 0.099779947859345 0.199581435955254 0.299423896015918 0.399322749148243 0.499287896312466 0.599322749147143 0.699423896014138 0.799581435953475 0.899779947858245 1
0 0.0997870126792372 0.199594874041263 0.299442391954586 0.399344492428255 0.499310758550099 0.599344492427287 0.699442391953019 0.799594874039696 0.899787012678269 1
0 0.0997938506816168 0.199607880694723 0.299460294077289 0.399365537635727 0.499332886790817 0.599365537634874 0.69946029407591 0.799607880693344 0.899793850680765 1
0 0.0998004691485068 0.199620469766864 0.299477621448611 0.399385907182421 0.499354304599745 0.599385907181671 0.699477621447397 0.79962046976565 0.899800469147757 1
0 0.0998068751281392 0.199632654664222 0.299494392521065 0.399405622760569 0.499375034785444 0.599405622759908 0.699494392519997 0.799632654663154 0.899806875127479 1
0 0.0998130754424614 0.199644448362912 0.299510625154741 0.399424705365966 0.4993950994242 0.599424705365384 0.699510625153801 0.799644448361972 0.89981307544188 1
0 0.0998190766944007 0.199655863422448 0.299526336636328 0.399443175320334 0.499414519883539 0.599443175319822 0.6995263366355 0.79965586342162 0.899819076693889 1
0 0.0998248852748959 0.199666911999117 0.299541543697522 0.399461052292962 0.499433316844973 0.599461052292512 0.699541543696793 0.799666911998388 0.899824885274446 1
0 0.0998305073697038 0.199677605858929 0.299556262532844 0.399478355321653 0.499451510326034 0.599478355321256 0.699556262532202 0.799677605858288 0.899830507369308 1
0 0.0998359489659858 0.199687956390142 0.299570508816887 0.399495102832995 0.499469119701586 0.599495102832646 0.699570508816322 0.799687956389577 0.899835948965637 1
0 0.0998412158586846 0.199697974615392 0.299584297721008 0.39951131266199 0.499486163724457 0.599511312661683 0.699584297720511 0.799697974614895 0.899841215858378 1
0 0.0998463136566951 0.19970767120343 0.299597643929486 0.399527002071041 0.499502660545414 0.59952700207077 0.699597643929048 0.799707671202993 0.899846313656425 1
0 0.0998512477888371 0.199717056480487 0.299610561655155 0.399542187768338 0.499518627732488 0.5995421877681 0.69961056165477 0.799717056480101 0.899851247788599 1
0 0.0998560235096375 0.199726140441265 0.299623064654545 0.399556885925654 0.499534082289686 0.599556885925444 0.699623064654206 0.799726140440926 0.899856023509428 1
0 0.0998606459049254 0.199734932759588 0.299635166242531 0.399571112195559 0.499549040675097 0.599571112195375 0.699635166242232 0.799734932759289 0.899860645904741 1
0 0.099865119897248 0.199743442798695 0.299646879306508 0.399584881728099 0.49956351881842 0.599584881727937 0.699646879306245 0.799743442798433 0.899865119897086 1
0 0.0998694502511136 0.199751679621222 0.299658216320121 0.399598209186922 0.499577532137927 0.599598209186778 0.69965821631989 0.79975167962099 0.899869450250971 1
0 0.0998736415780647 0.199759651998841 0.299669189356546 0.399611108764896 0.499591095556884 0.59961110876477 0.699669189356342 0.799759651998638 0.899873641577939 1
0 0.0998776983415892 0.199767368421614 0.299679810101345 0.399623594199225 0.499604223519443 0.599623594199114 0.699679810101166 0.799767368421435 0.899877698341479 1
0 0.0998816248618741 0.199774837107022 0.299690089864915 0.399635678786078 0.499616930006021 0.59963567878598 0.699690089864757 0.799774837106865 0.899881624861777 1
0 0.0998854253204057 0.199782066008727 0.299700039594529 0.399647375394746 0.499629228548194 0.599647375394661 0.69970003959439 0.799782066008588 0.89988542532032 1
0 0.0998891037644228 0.199789062825033 0.299709669885997 0.399658696481351 0.499641132243101 0.599658696481275 0.699709669885874 0.799789062824911 0.899889103764347 1
0 0.0998926641112267 0.19979583500709 0.299718990994946 0.399669654102105 0.499652653767397 0.599669654102039 0.699718990994838 0.799795835006983 0.899892664111161 1
0 0.0998961101523533 0.199802389766829 0.299728012847746 0.399680259926157 0.499663805390749 0.599680259926099 0.699728012847651 0.799802389766735 0.899896110152295 1
0 0.09989944555761 0.199808734084638 0.299736745052078 0.399690525248013 0.499674598988903 0.599690525247962 0.699736745051994 0.799808734084555 0.899899445557559 1
0 0.0999026738789846 0.199814874716799 0.299745196907166 0.399700460999567 0.499685046056335 0.599700460999522 0.699745196907093 0.799814874716726 0.89990267387894 1
0 0.0999057985544274 0.199820818202682 0.299753377413682 0.399710077761742 0.499695157718484 0.599710077761702 0.699753377413617 0.799820818202618 0.899905798554388 1
0 0.0999088229115126 0.199826570871709 0.299761295283327 0.399719385775758 0.499704944743608 0.599719385775723 0.699761295283271 0.799826570871653 0.899908822911478 1
0 0.0999117501709821 0.199832138850097 0.299768958948114 0.399728394954041 0.499714417554246 0.59972839495401 0.699768958948065 0.799832138850047 0.899911750170951 1
0 0.099914583450175 0.199837528067375 0.299776376569343 0.399737114890773 0.499723586238319 0.599737114890746 0.699776376569299 0.799837528067332 0.899914583450148 1
0 0.0999173257663479 0.199842744262708 0.299783556046293 0.399745554872116 0.499732460559875 0.599745554872092 0.699783556046255 0.799842744262669 0.899917325766324 1
0 0.0999199800398873 0.199847792990999 0.299790505024636 0.399753723886094 0.499741049969485 0.599753723886073 0.699790505024602 0.799847792990966 0.899919980039867 1
0 0.0999225490974204 0.199852679628815 0.299797230904578 0.399761630632172 0.499749363614304 0.599761630632154 0.699797230904548 0.799852679628785 0.899922549097402 1
0 0.099925035674825 0.199857409380103 0.29980374084874 0.399769283530516 0.49975741034782 0.5997692835305 0.699803740848714 0.799857409380077 0.899925035674809 1
0 0.0999274424201426 0.199861987281738 0.299810041789785 0.399776690730961 0.499765198739276 0.599776690730946 0.699810041789762 0.799861987281715 0.899927442420129 1
0 0.0999297718963992 0.199866418208885 0.299816140437801 0.399783860121688 0.499772737082797 0.599783860121675 0.699816140437781 0.799866418208865 0.899929771896387 1
0 0.099932026584334 0.199870706880191 0.29982204328745 0.399790799337628 0.499780033406224 0.599790799337617 0.699822043287432 0.799870706880173 0.899932026584323 1
0 0.0999342088850419 0.199874857862808 0.299827756624877 0.399797515768591 0.499787095479664 0.599797515768581 0.699827756624861 0.799874857862793 0.899934208885032 1
0 0.0999363211225297 0.199878875577262 0.299833286534413 0.399804016567135 0.499793930823761 0.599804016567126 0.699833286534399 0.799878875577248 0.899936321122521 1
0 0.0999383655461918 0.199882764302154 0.299838638905048 0.399810308656184 0.499800546717709 0.599810308656176 0.699838638905036 0.799882764302142 0.899938365546185 1
0 0.0999403443332052 0.199886528178721 0.299843819436706 0.3998163987364 0.499806950206998 0.599816398736393 0.699843819436696 0.79988652817871 0.899940344333199 1
0 0.0999422595908483 0.199890171215245 0.299848833646314 0.399822293293318 0.499813148110927 0.599822293293312 0.699848833646304 0.799890171215235 0.899942259590843 1
0 0.0999441133587448 0.19989369729132 0.299853686873674 0.399827998604255 0.499819147029856 0.59982799860425 0.699853686873666 0.799893697291312 0.89994411335874 1
0 0.0999459076110357 0.199897110161986 0.299858384287157 0.399833520744994 0.499824953352239 0.599833520744989 0.699858384287149 0.799897110161979 0.899945907611031 1
0 0.0999476442584821 0.199900413461727 0.299862930889198 0.39983886559625 0.499830573261429 0.599838865596246 0.699862930889192 0.799900413461721 0.899947644258479 1
0 0.0999493251504995 0.19990361070834 0.299867331521631 0.39984403884994 0.499836012742261 0.599844038849936 0.699867331521626 0.799903610708335 0.899949325150496 1
0 0.0999509520771275 0.199906705306682 0.299871590870841 0.39984904601524 0.499841277587425 0.599849046015237 0.699871590870836 0.799906705306678 0.899950952077125 1
0 0.0999525267709364 0.199909700552299 0.299875713472754 0.399853892424452 0.499846373403634 0.599853892424449 0.69987571347275 0.799909700552294 0.899952526770934 1
0 0.0999540509088716 0.199912599634929 0.299879703717673 0.399858583238684 0.4998513056176 0.599858583238681 0.699879703717669 0.799912599634925 0.899954050908869 1
0 0.0999555261140401 0.199915405641905 0.299883565854944 0.399863123453345 0.499856079481807 0.599863123453343 0.699883565854941 0.799915405641902 0.899955526114038 1
0 0.0999569539574385 0.199918121561442 0.299887303997492 0.399867517903466 0.499860700080106 0.599867517903464 0.699887303997489 0.799918121561439 0.899956953957437 1
0 0.0999583359596263 0.199920750285815 0.299890922126192 0.399871771268848 0.499865172333131 0.599871771268847 0.69989092212619 0.799920750285812 0.899958335959625 1
0 0.0999596735923453 0.199923294614442 0.299894424094115 0.399875888079046 0.499869501003539 0.599875888079045 0.699894424094113 0.79992329461444 0.899959673592344 1
0 0.0999609682800864 0.199925757256868 0.299897813630626 0.399879872718193 0.499873690701079 0.599879872718192 0.699897813630625 0.799925757256866 0.899960968280086 1
0 0.0999622214016071 0.199928140835644 0.29990109434536 0.399883729429668 0.499877745887504 0.599883729429667 0.699901094345358 0.799928140835642 0.899962221401606 1
0 0.0999634342913997 0.199930447889125 0.299904269732061 0.399887462320615 0.499881670881323 0.599887462320614 0.69990426973206 0.799930447889124 0.899963434291399 1
0 0.0999646082411122 0.199932680874173 0.29990734317231 0.399891075366319 0.499885469862395 0.599891075366318 0.699907343172309 0.799932680874172 0.899964608241112 1
0 0.0999657445009239 0.199934842168769 0.299910317939117 0.399894572414435 0.499889146876386 0.599894572414435 0.699910317939116 0.799934842168769 0.899965744500924 1
0 0.099966844280877 0.199936934074551 0.299913197200414 0.399897957189092 0.499892705839074 0.599897957189091 0.699913197200414 0.79993693407455 0.899966844280877 1
0 0.099967908752165 0.199938958819261 0.299915984022427 0.399901233294851 0.499896150540523 0.59990123329485 0.699915984022426 0.79993895881926 0.899967908752165 1
0 0.09996893904838 0.199940918559119 0.299918681372936 0.39990440422055 0.499899484649111 0.59990440422055 0.699918681372935 0.799940918559118 0.89996893904838 1
0 0.0999699362667198 0.199942815381119 0.299921292124444 0.399907473343017 0.499902711715447 0.599907473343017 0.699921292124443 0.799942815381119 0.89996993626672 1
0 0.0999709014691565 0.199944651305253 0.299923819057229 0.399910443930667 0.499905835176145 0.599910443930666 0.699923819057228 0.799944651305253 0.899970901469156 1
0 0.0999718356835674 0.199946428286659 0.299926264862309 0.399913319146979 0.499908858357484 0.599913319146979 0.699926264862309 0.799946428286659 0.899971835683568 1
0 0.0999727399048294 0.199948148217706 0.299928632144307 0.399916102053872 0.499911784478955 0.599916102053871 0.699928632144306 0.799948148217706 0.89997273990483 1
0 0.099973615095879 0.199949812930008 0.299930923424221 0.399918795614957 0.499914616656684 0.599918795614956 0.699930923424221 0.799949812930007 0.899973615095879 1
0 0.099974462188737 0.199951424196373 0.299933141142115 0.399921402698701 0.499917357906756 0.5999214026987 0.699933141142115 0.799951424196373 0.899974462188737 1
0 0.099975282085502 0.199952983732695 0.299935287659713 0.399923926081476 0.499920011148422 0.599923926081476 0.699935287659713 0.799952983732695 0.899975282085502 1
0 0.0999760756593101 0.199954493199778 0.299937365262915 0.399926368450521 0.49992257920721 0.599926368450521 0.699937365262915 0.799954493199778 0.89997607565931 1
0 0.0999768437552653 0.199955954205104 0.299939376164233 0.399928732406797 0.499925064817935 0.599928732406797 0.699939376164233 0.799955954205104 0.899976843755266 1
0 0.0999775871913394 0.19995736830455 0.299941322505143 0.399931020467763 0.499927470627608 0.599931020467763 0.699941322505143 0.79995736830455 0.89997758719134 1
0 0.099978306759243 0.199958737004037 0.299943206358372 0.399933235070054 0.499929799198258 0.599933235070054 0.699943206358372 0.799958737004037 0.899978306759243 1
0 0.0999790032252688 0.199960061761142 0.2999450297301 0.399935378572076 0.499932053009662 0.599935378572076 0.6999450297301 0.799960061761142 0.899979003225269 1
0 0.0999796773311074 0.199961343986642 0.299946794562097 0.399937453256518 0.499934234461979 0.599937453256518 0.699946794562097 0.799961343986643 0.899979677331108 1
0 0.0999803297946372 0.199962585046026 0.299948502733795 0.399939461332782 0.499936345878315 0.599939461332782 0.699948502733795 0.799962585046026 0.899980329794637 1
0 0.0999809613106891 0.199963786260938 0.299950156064283 0.399941404939339 0.499938389507188 0.599941404939339 0.699950156064283 0.799963786260939 0.899980961310689 1
0 0.0999815725517863 0.199964948910595 0.299951756314251 0.399943286146001 0.499940367524929 0.599943286146001 0.699951756314251 0.799964948910596 0.899981572551787 1
0 0.0999821641688604 0.199966074233142 0.299953305187859 0.39994510695613 0.499942282037997 0.59994510695613 0.699953305187859 0.799966074233142 0.899982164168861 1
0 0.0999827367919447 0.199967163426974 0.299954804334556 0.399946869308769 0.499944135085223 0.59994686930877 0.699954804334556 0.799967163426974 0.899982736791945 1
0 0.0999832910308452 0.19996821765201 0.299956255350836 0.399948575080709 0.499945928639981 0.599948575080709 0.699956255350836 0.79996821765201 0.899983291030846 1
0 0.0999838274757901 0.199969238030931 0.299957659781935 0.399950226088485 0.499947664612289 0.599950226088485 0.699957659781935 0.799969238030931 0.899983827475791 1
0 0.099984346698058 0.199970225650373 0.29995901912348 0.399951824090311 0.499949344850844 0.599951824090311 0.69995901912348 0.799970225650373 0.899984346698058 1
0 0.0999848492505866 0.199971181562087 0.299960334823081 0.399953370787955 0.499950971144988 0.599953370787955 0.699960334823081 0.799971181562088 0.899984849250587 1
0 0.0999853356685612 0.199972106784056 0.299961608281871 0.399954867828547 0.49995254522662 0.599954867828547 0.699961608281871 0.799972106784056 0.899985335668562 1
0 0.0999858064699851 0.19997300230158 0.299962840856001 0.399956316806339 0.499954068772032 0.599956316806339 0.699962840856001 0.799973002301581 0.899985806469986 1
0 0.099986262156231 0.199973869068327 0.299964033858081 0.399957719264396 0.4999555434037 0.599957719264396 0.699964033858081 0.799973869068328 0.899986262156232 1
0 0.0999867032125748 0.199974708007347 0.29996518855858 0.399959076696244 0.49995697069201 0.599959076696245 0.69996518855858 0.799974708007348 0.899986703212576 1
0 0.0999871301087125 0.199975520012054 0.299966306187178 0.39996039054746 0.499958352156931 0.59996039054746 0.699966306187178 0.799975520012055 0.899987130108713 1
0 0.0999875432992606 0.199976305947181 0.299967387934077 0.399961662217207 0.499959689269632 0.599961662217207 0.699967387934077 0.799976305947181 0.899987543299261 1
0 0.0999879432242399 0.199977066649696 0.299968434951265 0.399962893059732 0.499960983454051 0.599962893059732 0.699968434951266 0.799977066649696 0.89998794322424 1
0 0.0999883303095441 0.199977802929698 0.299969448353748 0.3999640843858 0.499962236088409 0.5999640843858 0.699969448353749 0.799977802929698 0.899988330309545 1
0 0.0999887049673938 0.199978515571276 0.299970429220733 0.399965237464096 0.499963448506679 0.599965237464096 0.699970429220733 0.799978515571277 0.899988704967394 1
0 0.0999890675967749 0.199979205333348 0.299971378596778 0.399966353522573 0.499964622000007 0.599966353522573 0.699971378596778 0.799979205333348 0.899989067596775 1
