T:1 dt0.013333333 dx:0.2
0 0.000512163892445583 0.00409731113956466 0.0322663252240717 0.254033290653009 1
0 0.00314774223270012 0.019035971152254 0.0999722933105559 0.393546472643333 1
0 0.00951460188757351 0.0444898750175336 0.167140478100423 0.480162332748039 1
0 0.0196973545371922 0.0750305537297097 0.225932495242355 0.539215288041867 1
0 0.0325745675690298 0.10677656867376 0.275885917122665 0.582334945566561 1
0 0.0468313170606252 0.137575697535122 0.318207503833615 0.615429150402815 1
0 0.061409475936623 0.166374841715361 0.354247646751539 0.641771469024552 1
0 0.0755937539809277 0.192737286385568 0.385148047554013 0.66331019630047 1
0 0.0889587036689474 0.2165573270423 0.411808965592239 0.681274724793517 1
0 0.101286751100817 0.237901867088448 0.434931208176382 0.696479884117836 1
0 0.112496528967116 0.256923360245208 0.455064925363554 0.70948945875141 1
0 0.12259015658924 0.273811776600247 0.472649160901235 0.720708990158804 1
0 0.131617562349906 0.288768095842046 0.488040780494996 0.730440737753931 1
0 0.139653529927634 0.301989894179403 0.501534897294502 0.738917328600653 1
0 0.146783481138278 0.313663835216285 0.513379196652253 0.746322926043671 1
0 0.153094986761769 0.323962134324753 0.523784069180582 0.75280687125094 1
0 0.158672923059462 0.333041303103872 0.532929908530151 0.758492682839312 1
0 0.163596896814907 0.341042179177537 0.540972492600286 0.763484141560961 1
0 0.167940052298769 0.348090651952984 0.548047057199764 0.767869514505486 1
0 0.171768699512747 0.35429873495392 0.554271462808147 0.771724572253732 1
0 0.175142414039535 0.359765779311371 0.559748718314857 0.775114808767242 1
0 0.178114393178427 0.364579709957906 0.564569036884943 0.778097123783596 1
0 0.180731937667292 0.368818218666721 0.568811541771481 0.780721134223851 1
0 0.183036981136424 0.372549879755504 0.57254570280195 0.783030222683604 1
0 0.185066622182487 0.375835173158695 0.575832560126686 0.785062394207882 1
0 0.186853634063555 0.378727410619794 0.578725775950843 0.786850989113632 1
0 0.188426939236186 0.381273567015473 0.581272544394025 0.788425284599925 1
0 0.189812043266887 0.383515022174883 0.583514382440076 0.789811008154225 1
0 0.191031426925385 0.385488220160647 0.585487819953293 0.791030779376284 1
0 0.192104897676247 0.387225253547787 0.587225003184786 0.792104492580402 1
0 0.193049903058158 0.388754380212493 0.588754223589603 0.793049649637 1
0 0.19388180902969 0.390100479792396 0.590100381811747 0.793881650493669 1
0 0.194614146547165 0.391285456466163 0.591285395171113 0.794614047369692 1
0 0.195258829596755 0.392328594119219 0.592328555774065 0.795258767552994 1
0 0.195826347734605 0.393246869370602 0.593246845382518 0.79582630892107 1
0 0.196325935959203 0.394055227364599 0.594055212358056 0.796325911678107 1
0 0.196765724487231 0.394766824696435 0.594766815308594 0.796765709297385 1
0 0.197152870749567 0.39539324335118 0.595393237478304 0.797152861247055 1
0 0.197493675680086 0.395944679091243 0.595944675417271 0.797493669735474 1
0 0.197793686142638 0.396430107329513 0.596430105031138 0.797793682423788 1
0 0.198057785133717 0.396857429169675 0.59685742773185 0.798057782807268 1
0 0.198290271210484 0.397233599979324 0.597233599079845 0.798290269755096 1
0 0.198494928425341 0.397564742581467 0.597564742018768 0.798494927514875 1
0 0.198675087898141 0.3978562469023 0.597856246550285 0.798675087328569 1
0 0.198833682023663 0.39811285769444 0.598112857474225 0.798833681667348 1
0 0.198973292193846 0.398338751761676 0.598338751623913 0.798973291970942 1
0 0.199096190809776 0.398537605941151 0.598537605854969 0.799096190670331 1
0 0.199204378266131 0.398712656948795 0.598712656894881 0.799204378178897 1
0 0.199299615509377 0.398866754061692 0.598866754027964 0.799299615454804 1
0 0.199383452699225 0.399002405494605 0.599002405473506 0.799383452665086 1
0 0.199457254439609 0.399121819225366 0.599121819212166 0.799457254418252 1
0 0.199522221989665 0.399226938933521 0.599226938925264 0.799522221976305 1
0 0.199579412816166 0.399319475637145 0.599319475631979 0.799579412807808 1
0 0.199629757805566 0.399400935542723 0.599400935539491 0.799629757800338 1
0 0.199674076415797 0.399472644561389 0.599472644559368 0.799674076412526 1
0 0.199713090014391 0.39953576989055 0.599535769889285 0.799713090012345 1
0 0.199747433620034 0.39959133901216 0.599591339011369 0.799747433618754 1
0 0.199777666238648 0.399640256416885 0.59964025641639 0.799777666237847 1
0 0.199804279962229 0.399683318326357 0.599683318326047 0.799804279961728 1
0 0.199827707978553 0.399721225653152 0.599721225652958 0.79982770797824 1
0 0.199848331622101 0.399754595409443 0.599754595409322 0.799848331621905 1
0 0.199866486580983 0.399783970750014 0.599783970749939 0.79986648658086 1
0 0.199882468360883 0.399809829813116 0.599809829813069 0.799882468360806 1
0 0.199896537094962 0.39983259350305 0.59983259350302 0.799896537094914 1
0 0.199908921778008 0.399852632341168 0.599852632341149 0.799908921777978 1
0 0.199919823993749 0.399870272496795 0.599870272496783 0.799919823993731 1
0 0.199929421196005 0.399885801096244 0.599885801096237 0.799929421195993 1
0 0.199937869597074 0.399899470896327 0.599899470896323 0.799937869597067 1
0 0.199945306710383 0.399911504398441 0.599911504398438 0.799945306710379 1
0 0.199951853588771 0.399922097470193 0.599922097470192 0.799951853588768 1
0 0.199957616794848 0.399931422533512 0.599931422533511 0.799957616794847 1
0 0.199962690135504 0.39993963137113 0.59993963137113 0.799962690135504 1
0 0.199967156188785 0.399946857597134 0.599946857597134 0.799967156188785 1
0 0.199971087648007 0.39995321883178 0.59995321883178 0.799971087648007 1
0 0.199974548504974 0.399958818615983 0.599958818615983 0.799974548504974 1
