T:1 dt0.013333333 dx:0.2
0 0.00181488203266788 0.00907441016333939 0.043557168784029 0.208711433756806 1
0 0.00645913551009384 0.0268510314524656 0.100572791262216 0.345341418506527 1
0 0.0139860111433988 0.0505526491867123 0.158224140432766 0.438849679190469 1
0 0.0238745476043172 0.0774147045913895 0.211541027792493 0.50561801307278 1
0 0.0353911925774505 0.105332320074301 0.259026294019885 0.555176066647645 1
0 0.0478127243100023 0.13289004381766 0.300640534555397 0.593233746899666 1
0 0.0605313653373 0.159218653756493 0.336891771992184 0.623318602538237 1
0 0.0730860190550517 0.183835999263358 0.368438015992261 0.647678764721394 1
0 0.0851551271415657 0.206517578542674 0.395924767781728 0.667792212389182 1
0 0.0965336346148932 0.227202791649769 0.419927588005929 0.684660845034695 1
0 0.107106354439409 0.245930868352367 0.440939612373119 0.698984429495441 1
0 0.11682352500372 0.262798561700372 0.459376678441041 0.711265993385473 1
0 0.125680690971837 0.277932879848025 0.475588023167173 0.721877200664718 1
0 0.133703189988826 0.291473877028621 0.489867555610202 0.731099831520871 1
0 0.14093472326846 0.303564046375821 0.502463877524781 0.739152674417479 1
0 0.14742923240073 0.314341992198268 0.513588589463146 0.746209322543117 1
0 0.153245309303273 0.323938849314177 0.523422960672809 0.752410185660432 1
0 0.158442475185705 0.332476448018705 0.53212321696529 0.757870754789317 1
0 0.163078799846211 0.34006657367394 0.539824724467375 0.762687397767066 1
0 0.167209459730995 0.346810899116343 0.546645314828898 0.766941501626019 1
0 0.170885939330094 0.352801317457482 0.552687950608289 0.770702491097269 1
0 0.174155663626565 0.358120500142543 0.558042884713702 0.774030071601102 1
0 0.177061911881918 0.362842568529895 0.56278943033993 0.776975929028647 1
0 0.179643908848637 0.367033808597432 0.566997428548835 0.779585043126955 1
0 0.181937022376422 0.370753385336196 0.570728478512266 0.781896721578626 1
0 0.183973019612507 0.374054030933271 0.574036979045259 0.783945428756228 1
0 0.185780350209543 0.376982692210192 0.576971018041606 0.785761460862058 1
0 0.187384436142716 0.37958113008495 0.579573137651459 0.787371504047527 1
0 0.188807955376167 0.381886468452686 0.581880996632412 0.788799101754998 1
0 0.190071111775176 0.383931692747381 0.58392794660367 0.790065050373733 1
0 0.191191887096957 0.385746100159258 0.585743535457189 0.791187737315678 1
0 0.1921862731465 0.38735570444163 0.587353948583876 0.792183432106182 1
0 0.19306848363052 0.3887835987131 0.588782396610091 0.793066538585728 1
0 0.193851146142979 0.390050279823333 0.590049456834384 0.793849814518313 1
0 0.19454547524987 0.391173937820413 0.591173374382199 0.794544563587428 1
0 0.195161427932432 0.392170713912551 0.592170328169084 0.795160803786274 1
0 0.195707842780922 0.393054930107312 0.593054666017985 0.795707415475361 1
0 0.196192564362687 0.393839293470668 0.593839112668717 0.79619227181896 1
0 0.196622554156992 0.3945350776969 0.594534953915506 0.796622353874477 1
0 0.197003989380572 0.395152284431883 0.595152199688143 0.797003852262315 1
0 0.197342350939205 0.39569978655431 0.595699728536694 0.797342257064728 1
0 0.197642501642796 0.396185455396365 0.596185415676101 0.797642437374057 1
0 0.197908755721537 0.396616273679294 0.59661624648584 0.797908711721602 1
0 0.198144940583107 0.396998435750923 0.596998417133626 0.798144910459687 1
0 0.198354451658116 0.397337436541258 0.597337423795406 0.798354431034893 1
0 0.198540301094476 0.397638150498033 0.597638141771914 0.798540286975319 1
0 0.198705160981774 0.39790490162544 0.597904895651328 0.798705151315457 1
0 0.198851401714083 0.398141525625095 0.598141521535074 0.798851395096289 1
0 0.198981126033903 0.398351425027265 0.598351422227137 0.798981121503201 1
0 0.19909619924061 0.398537618101343 0.598537616184307 0.799096196138782 1
0 0.199198275993627 0.398702782246302 0.598702780933853 0.79919827387004 1
0 0.199288824092836 0.398849292483302 0.598849291584768 0.799288822638978 1
0 0.199369145576252 0.39897925560275 0.598979254987592 0.799369144580905 1
0 0.199440395436954 0.399094540456013 0.599094540034861 0.799440394755515 1
0 0.199503598227534 0.39919680482681 0.599196804538479 0.799503597761005 1
0 0.199559662790181 0.399287519268304 0.599287519070905 0.799559662470784 1
0 0.199609395323786 0.399367988248388 0.599367988113245 0.79960939510512 1
0 0.199653510975688 0.399439368907083 0.59943936881456 0.799653510825984 1
0 0.199692644124535 0.39950268769561 0.599502687632267 0.799692644022044 1
0 0.199727357501994 0.399558855136365 0.599558855092998 0.799727357431826 1
0 0.199758150284386 0.399608678915947 0.599608678886258 0.799758150236347 1
0 0.199785465270534 0.399652875499513 0.599652875479186 0.799785465237646 1
0 0.199809695249002 0.399692080433406 0.59969208041949 0.799809695226485 1
0 0.199831188646248 0.399726857484235 0.599726857474708 0.799831188630833 1
0 0.199850254536903 0.399757706745771 0.599757706739249 0.79985025452635 1
0 0.199867167088194 0.399785071830261 0.599785071825795 0.799867167080969 1
0 0.199882169502424 0.399809346247537 0.59980934624448 0.799882169497477 1
0 0.19989547751419 0.399830879063677 0.599830879061584 0.799895477510803 1
0 0.199907282492625 0.399849979920556 0.599849979919123 0.799907282490307 1
0 0.199917754193273 0.39986692348849 0.599866923487509 0.799917754191686 1
0 0.199927043199162 0.39988195341599 0.599881953415318 0.799927043198075 1
0 0.199935283086182 0.399895285833423 0.599895285832963 0.799935283085438 1
0 0.199942592343902 0.399907112460964 0.599907112460649 0.799942592343393 1
0 0.199949076079447 0.399917603365531 0.599917603365316 0.799949076079099 1
0 0.199954827528938 0.399926909406346 0.599926909406198 0.799954827528699 1
