T:1 dt0.013333333 dx:0.2
0 0 0 0 0.333333333333333 1 
0 0 0 0.111111111111111 0.444444444444444 1 
0 0 0.037037037037037 0.185185185185185 0.518518518518518 1 
0 0.0123456790123457 0.0740740740740741 0.246913580246914 0.567901234567901 1 
0 0.0288065843621399 0.111111111111111 0.296296296296296 0.604938271604938 1 
0 0.046639231824417 0.145404663923182 0.337448559670782 0.633744855967078 1 
0 0.0640146319158665 0.17649748513946 0.372199359853681 0.657064471879287 1 
0 0.080170705685109 0.204237158969669 0.401920438957476 0.676421277244323 1 
0 0.0948026215515927 0.228776101204085 0.427526291723823 0.692780572067266 1 
0 0.107859574251893 0.250368338159833 0.449694321665058 0.70676895459703 1 
0 0.119409304137242 0.269307411358928 0.468943871473974 0.718821092087362 1 
0 0.129572238498723 0.285886862323381 0.485690791640088 0.729254987853779 1 
0 0.138486366940701 0.300383297487398 0.500277547272416 0.738315259831289 1 
0 0.1462898881427 0.313049070566838 0.512992034863701 0.746197602367902 1 
0 0.153112986236513 0.32411033119108 0.524079569266147 0.753063212410534 1 
0 0.159074439142531 0.333767628897913 0.533751037622587 0.759047593892227 1 
0 0.164280689346815 0.342197701887677 0.542188753470909 0.764266210504938 1 
0 0.168826130411497 0.3495557149018 0.549550888621175 0.768818321325282 1 
0 0.172793948437766 0.355977577978157 0.555974974949419 0.772789736648819 1 
0 0.176257175471974 0.361582167121781 0.561580763192132 0.776254903866079 1 
0 0.179279780864585 0.366473368595296 0.56647261139333 0.77927855568607 1 
0 0.181917716486627 0.370741920284404 0.570741511891565 0.781917055693134 1 
0 0.184219878923677 0.374467049554199 0.574466829289701 0.784219522528233 1 
0 0.186228976159292 0.377717919255859 0.577717800457378 0.786228783939311 1 
0 0.187982298471717 0.380554898624176 0.580554834550849 0.787982194798896 1 
0 0.189512399031964 0.383030677215581 0.583030642657974 0.789512343116582 1 
0 0.190847692082515 0.385191239635173 0.585191220996712 0.790847661924852 1 
0 0.192012977239229 0.387076717571467 0.587076707518912 0.792012960973855 1 
0 0.193029898270232 0.388722134109869 0.588722128688078 0.793029889497589 1 
0 0.193917344126701 0.390158053689393 0.590158050765179 0.793917339395222 1 
0 0.194691799272031 0.391411149527091 0.591411147949931 0.794691796720134 1 
0 0.195367649599707 0.392504698916351 0.592504698065719 0.795367648223355 1 
0 0.195957449505353 0.393459015527259 0.593459015068475 0.795957448763025 1 
0 0.196472155010871 0.394291826700362 0.59429182645292 0.7964721546105 1 
0 0.196921327237078 0.395018602721384 0.595018602587927 0.79692132702114 1 
0 0.197313309986154 0.39565284418213 0.59565284411015 0.797313309869689 1 
0 0.197655384722761 0.396206332759478 0.596206332720656 0.797655384659946 1 
0 0.197953905827413 0.396689350067632 0.596689350046694 0.797953905793534 1 
0 0.198214418631682 0.397110868647246 0.597110868635953 0.798214418613409 1 
0 0.198441762426309 0.397478718638294 0.597478718632203 0.798441762416454 1 
0 0.198640160354868 0.397799733232269 0.597799733228984 0.798640160349552 1 
0 0.198813297862379 0.398079875605373 0.598079875603602 0.798813297859512 1 
0 0.198964391155917 0.398324349690451 0.598324349689496 0.798964391154371 1 
0 0.19909624694879 0.398537696845288 0.598537696844773 0.799096246947956 1 
0 0.199211314598026 0.39872388021295 0.598723880212672 0.799211314597576 1 
0 0.199311731603659 0.398886358341216 0.598886358341066 0.799311731603416 1 
0 0.199399363314958 0.399028149428647 0.599028149428566 0.799399363314827 1 
0 0.199475837581202 0.399151887390724 0.59915188739068 0.799475837581131 1 
0 0.199542574990642 0.399259870787535 0.599259870787512 0.799542574990604 1 
0 0.199600815259392 0.399354105521896 0.599354105521884 0.799600815259372 1 
0 0.19965164026043 0.399436342101057 0.59943634210105 0.799651640260418 1 
0 0.199695994120496 0.399508108154179 0.599508108154175 0.79969599412049 1 
0 0.199734700758225 0.399570736809617 0.599570736809615 0.799734700758222 1 
0 0.199768479189281 0.399625391459152 0.599625391459151 0.799768479189279 1 
0 0.199797956882811 0.399673087369195 0.599673087369194 0.79979795688281 1 
0 0.199823681417335 0.3997147105404 0.599714710540399 0.799823681417335 1 
0 0.199846130652578 0.399751034166045 0.599751034166045 0.799846130652578 1 
0 0.199865721606208 0.399782732994889 0.599782732994889 0.799865721606208 1 
0 0.199882818200366 0.399810395865329 0.599810395865329 0.799882818200366 1 
0 0.199897738021898 0.399834536643674 0.599834536643674 0.799897738021898 1 
0 0.199910758221857 0.399855603769749 0.599855603769749 0.799910758221858 1 
0 0.199922120663869 0.399873988587118 0.599873988587118 0.799922120663869 1 
0 0.199932036416996 0.399890032612702 0.599890032612702 0.799932036416996 1 
0 0.199940689676566 0.3999040338808 0.5999040338808 0.799940689676566 1 
0 0.199948241185789 0.399916252479389 0.599916252479389 0.799948241185789 1 
0 0.199954831221726 0.399926915381522 0.599926915381522 0.799954831221726 1 
0 0.199960582201083 0.39993622066159 0.59993622066159 0.799960582201083 1 
0 0.199965600954224 0.399944341174754 0.599944341174754 0.799965600954224 1 
0 0.199969980709659 0.399951427767911 0.599951427767911 0.799969980709659 1 
0 0.199973802825857 0.399957612081827 0.599957612081827 0.799973802825857 1 
0 0.199977138302561 0.399963008996504 0.599963008996504 0.799977138302561 1 
0 0.199980049099688 0.399967718765189 0.59996771876519 0.799980049099688 1 
0 0.199982589288293 0.399971828876689 0.599971828876689 0.799982589288293 1 
0 0.199984806054994 0.399975415680557 0.599975415680557 0.799984806054994 1 
0 0.199986740578517 0.399978545805369 0.599978545805369 0.799986740578517 1 
