T:0.1 dt0.0033333333 dx:0.1
0 7.18765161452624e-07 3.59382580726312e-06 1.7250363874863e-05 8.26579935670518e-05 0.000396039603960396 0.00189754002623493 0.00909166052721425 0.0435607626098363 0.208712152521967 1
0 4.91078398792071e-06 2.23976244552457e-05 9.62958608665182e-05 0.000407330588252756 0.00169238309969611 0.0068664660983466 0.0269473273133321 0.100595188886671 0.345346329290515 1
0 1.86030491965156e-05 7.82828940188159e-05 0.000305618547531827 0.00116092226104076 0.00427700099291372 0.0151469334044395 0.0508582677342441 0.158302423326785 0.438868282239666 1
0 5.16640950828777e-05 0.000202511327824842 0.000726043861984883 0.0025108523395041 0.0083454510524133 0.0263853999438212 0.0781407484533743 0.211743539120318 0.505669677167863 1
0 0.000117503774183143 0.000432526585667082 0.00143759517067774 0.00457731768176698 0.0139164362196449 0.0399685102592174 0.106769915244979 0.259458820605552 0.555293570421828 1
0 0.000232048754544908 0.00080773245017511 0.00250903373932939 0.00742465073443863 0.0208822668875628 0.055237375044441 0.13539907755699 0.301448267005572 0.593465795654211 1
0 0.000412313680999438 0.00136542214136247 0.00399159967528757 0.0110654750170872 0.0290618232068326 0.0715968403543872 0.163210253431781 0.338257194133546 0.623730916219236 1
0 0.000674903456568882 0.00213757623984609 0.00591671131857419 0.0154711813271621 0.0382427702659747 0.0885572003822138 0.189752710581932 0.370575592232107 0.648353668177963 1
0 0.00103470366844085 0.00314880797249762 0.00829660747450896 0.0205840954443246 0.0482103257656278 0.10573922258589 0.214814186017183 0.399073575754225 0.668826916057623 1
0 0.00150390696635523 0.00441542382645362 0.01112678824842 0.0263286949921194 0.0587644003792031 0.122862329607013 0.238329579898189 0.424343011832383 0.68616475200105 1
0 0.00209142382025232 0.0059453982021959 0.0143892957113663 0.0326207156093757 0.069728197359154 0.139727070048785 0.260320164063733 0.446885010575315 0.701075853315693 1
0 0.0028026545433068 0.00773900125577701 0.0180561571289906 0.039373897255077 0.0809511823182672 0.156197422258797 0.280854718829363 0.467115679696817 0.714068647928779 1
0 0.00363955833110004 0.00978982802557982 0.022092578029468 0.0465045907347884 0.0923086838792431 0.172185281706626 0.300025457877493 0.485377851192753 0.725516758995818 1
0 0.00460093899270978 0.0120860199702487 0.0264596767817945 0.0539346298503198 0.103699700265439 0.187637819839146 0.317933553810416 0.501953575580451 0.735700770513581 1
0 0.00568286816135431 0.0146115238286422 0.0311166910711106 0.0615929011815273 0.115043925285566 0.202527624449987 0.334680737446932 0.517075401353424 0.744835542578833 1
0 0.00687917767779805 0.0173472839049273 0.0360226703609118 0.0694159946862999 0.126278599526006 0.216845227087029 0.350364662559179 0.530935873368073 0.753088500220915 1
0 0.0081819678733875 0.0202723063335433 0.0411377120795473 0.0773482429814576 0.137355518768841 0.230593552284731 0.365076561393724 0.543695267006353 0.760592153533819 1
0 0.00958209390399913 0.0233645658998331 0.0464238165945365 0.0853413808342076 0.148238358632129 0.243783856019913 0.378900264613242 0.555487782865123 0.767452848693316 1
0 0.0110696059970084 0.0266017482730448 0.051845437668716 0.0933539902869257 0.15890037126329 0.256432790133137 0.391912011342656 0.56642647274042 0.773757003764074 1
0 0.0126341305498381 0.0299618347581653 0.0573697984218542 0.101350844344957 0.169322452442156 0.268560304075953 0.404180697538197 0.576607149587063 0.779575632175857 1
0 0.0142651872960109 0.0334235448305401 0.0629670325821935 0.109302222814865 0.179491548457258 0.280188162144958 0.415768350039676 0.586111495438829 0.78496767839328 1
0 0.0159524434885006 0.0369666555544705 0.0686101997922317 0.117183245660107 0.189399360063711 0.291338909286672 0.426730699934774 0.595009540268173 0.789982515089602 1
0 0.017685909683538 0.040572217952188 0.0742752134139907 0.12497324974107 0.199041298311038 0.302035161622988 0.437117781943886 0.603361648292118 0.794661838712185 1
0 0.0194560837264787 0.0442226895817796 0.0799407103258554 0.132655221805525 0.20841564947856 0.312299130654162 0.446974518923287 0.611220118130615 0.799041126853434 1
0 0.0212540503936353 0.0479020007887404 0.0855878848047276 0.140215292257331 0.217522911065353 0.322152314633753 0.456341270140924 0.618630479301006 0.803150771972262 1
0 0.023071544206264 0.0515955698504139 0.0912003026795842 0.147642289133324 0.226365266215043 0.331615308745831 0.465254333612855 0.625632548895673 0.807016972962492 1
0 0.0249009824995983 0.0552902798791997 0.0967637073451585 0.15492734880784 0.234946169294071 0.340707699017383 0.473746399555351 0.632261297920805 0.810662443361656 1
0 0.0267354751187958 0.0589744280951839 0.102265825719525 0.162063578466963 0.243270020191771 0.349448014609679 0.481846955804475 0.638547565746643 0.814106979166322 1
0 0.0285688162779524 0.0626376560333749 0.10769617960337 0.169045764824903 0.251341909120257 0.35785372020107 0.489582648056057 0.644518652665787 0.817367918032951 1
0 0.030395463259643 0.0662708674643577 0.113045905962021 0.175870123535635 0.259167417241444 0.365941235310811 0.496977598709402 0.650198814068028 0.820460513633376 1
