T:1 dt0.0033333333 dx:0.1
0 0 0 0 0 0 0 0 0 0.333333333333333 1 
0 0 0 0 0 0 0 0 0.111111111111111 0.444444444444444 1 
0 0 0 0 0 0 0 0.037037037037037 0.185185185185185 0.518518518518518 1 
0 0 0 0 0 0 0.0123456790123457 0.0740740740740741 0.246913580246914 0.567901234567901 1 
0 0 0 0 0 0.00411522633744856 0.0288065843621399 0.111111111111111 0.296296296296296 0.604938271604938 1 
0 0 0 0 0.00137174211248285 0.0109739368998628 0.0480109739368999 0.145404663923182 0.337448559670782 0.633744855967078 1 
0 0 0 0.000457247370827618 0.00411522633744856 0.0201188843164152 0.068129858253315 0.176954732510288 0.372199359853681 0.657064471879287 1 
0 0 0.000152415790275873 0.00152415790275873 0.00823045267489712 0.0307879896357263 0.0884011583600061 0.205761316872428 0.402072854747752 0.676421277244323 1 
0 5.08052634252908e-05 0.000558857897678199 0.00330234212264391 0.0135142000711274 0.0424732002235432 0.10831682162272 0.232078443326729 0.428085149621501 0.692831377330691 1 
0 0.000203221053701163 0.00130400176124913 0.00579180003048316 0.0197632474724381 0.0547680739724635 0.127622821724331 0.256160138190317 0.450998323426307 0.706972175650731 1 
0 0.000502407604983432 0.00243300761514448 0.00895301642139014 0.0267743738251283 0.0673847143897441 0.14618367796237 0.278260427780318 0.471376879089118 0.719323499692346 1 
0 0.000978471740042639 0.00396281054717269 0.0127201326205543 0.0343707015454208 0.0801142553924142 0.163942940044144 0.298606994943935 0.489653602187261 0.730233459593821 1 
0 0.00164709409573844 0.00588713830258988 0.0170178815710493 0.0424016965194631 0.0928092989939931 0.180888063460165 0.317401179058447 0.506164685575006 0.739962353927027 1 
0 0.00251141079944277 0.00818403798979253 0.0217689054643674 0.0507429590281685 0.105366352991207 0.197032847170868 0.334817976031206 0.521176072853493 0.748709013167344 1 
0 0.00356514959641177 0.0108214514178676 0.0268986341607761 0.0592927391612476 0.117714053063415 0.21240572539776 0.351008965351856 0.534901020684014 0.756628362006946 1 
0 0.00479553367142645 0.0137617450583518 0.0323376082466304 0.0679684754618128 0.129804172540807 0.227042914604344 0.366105237144543 0.547512782680939 0.763843127563653 1 
0 0.00618575957659276 0.0169649623254696 0.0380226095889317 0.0767034187497502 0.141605187535655 0.240984108096565 0.380220311476609 0.559153715796379 0.770451970081531 1 
0 0.00771690730068744 0.020391110496998 0.0438969968880505 0.0854437386247788 0.153097571460657 0.254269869036276 0.393452711789851 0.569941999118173 0.77653522862597 1 
0 0.00936933926589515 0.024001671561912 0.0499106153366091 0.0941461023244953 0.16427039304057 0.266940050762261 0.405888193314766 0.579976646511331 0.782159075914714 1 
0 0.0111236702759357 0.0277605420548054 0.0560194630743388 0.102775703567225 0.175118848709109 0.279032879039199 0.41760163019612 0.589341305246937 0.787378574142015 1 
0 0.012961404110247 0.03163455846836 0.062185236232123 0.111304671783558 0.185642477105178 0.290584452648143 0.428658604827419 0.598107169861691 0.792239959796317 1 
0 0.0148653208595357 0.03559373293691 0.0683748221613469 0.119710795040286 0.195843867178959 0.301628511526913 0.439116742445751 0.606335244828476 0.796782376552669 1 
0 0.0168196845988152 0.0396112919859308 0.0745597833795143 0.127976494793531 0.205727724582053 0.312196373717208 0.449026832933713 0.614078121275632 0.801039207127048 1 
0 0.0188103255282487 0.0436635866547535 0.0807158567196586 0.136088000918366 0.215300197697597 0.322316977077658 0.458433775975518 0.621381387112131 0.80503910946756 1 
0 0.0208246373943341 0.0477299229675536 0.086822481430926 0.144034685111874 0.224568391897874 0.332016983583591 0.467377380055102 0.628284757518403 0.80880683219323 1 
0 0.0228515201206292 0.0517923472642712 0.0928623631701178 0.151808519480225 0.233540020197779 0.341320918512189 0.475893040385699 0.634822989922245 0.812363863237211 1 
0 0.0248812891283001 0.0558354101850061 0.0988210766382045 0.159403634282707 0.242223152730064 0.350251326365222 0.484012316273378 0.641026631181718 0.815728951053152 1 
0 0.0269055664377687 0.0598459253171703 0.104686707035306 0.166815954550325 0.250626037792665 0.358828931789555 0.491763424606773 0.646922632836083 0.818918527411624 1 
0 0.028917163918313 0.0638127329300816 0.110449528967601 0.174042899792765 0.258756974710848 0.367072798062997 0.49917166307747 0.65253486161816 0.821947053415902 1 
0 0.0309099656161315 0.0677264752719984 0.116101720563483 0.181083134490405 0.26662422418887 0.375000478617105 0.506259774252876 0.657884526037177 0.824827305011354 1 
0 0.0328788136293766 0.0715793871505375 0.121637110108629 0.187936359747586 0.27423594576546 0.382628159019617 0.513048259635719 0.662990535100469 0.82757061034951 1 
0 0.0348194002599714 0.0753651036295142 0.127050952335584 0.194603138540558 0.281600154844221 0.389970788140266 0.519555651251935 0.667869801695233 0.830187048483326 1 
0 0.0367281679631619 0.0790784854083565 0.132339731501885 0.201084748573454 0.288724693841682 0.397042198078807 0.525798747029145 0.672537500476831 0.832685616726186 1 
0 0.0386022177905061 0.0827154616244679 0.137500988494565 0.20738305797234 0.295617213497981 0.403855212983211 0.531792815194928 0.677007288077388 0.835074372401006 1 
0 0.040439226471658 0.0862728893031798 0.142533169363791 0.213500419988296 0.302285161484511 0.410421747225373 0.537551772085175 0.681291491891107 0.837360553492798 1 
0 0.0422373719249459 0.0897484283795431 0.147435492885089 0.219439583612199 0.308735776232727 0.416752893598353 0.543088337067219 0.685401272489693 0.839550681794635 1 
0 0.043995266768163 0.0931404310631926 0.152207834958944 0.225203617576672 0.314976084481093 0.422859002299433 0.548414167718422 0.689346763783849 0.841650651428109 1 
0 0.0457118992771186 0.0964478442634331 0.156850627866269 0.230795845672236 0.321012901452399 0.428749751499649 0.553539977933901 0.693137194310127 0.843665805070653 1 
0 0.0473865811801839 0.0996701238022737 0.161364772600646 0.236219791663635 0.326852832874762 0.434434210295317 0.558475641247892 0.696780992438227 0.845600999793593 1 
0 0.0490189016608192 0.102807159194368 0.165751562688852 0.241479132379681 0.332502278277904 0.43992089480599 0.563230281327145 0.700285877826571 0.847460664077273 1 
0 0.050608686951729 0.105859207848013 0.170012618087633 0.246577657782146 0.337967435154525 0.445217818137013 0.567812351319902 0.703658941076996 0.849248847301281 1 
0 0.0521559649332473 0.108826837629125 0.174149827905931 0.251519237008101 0.343254303691228 0.45033253487048 0.572229703511304 0.706906713232727 0.850969262792759 1 
0 0.0536609341874575 0.111710876822768 0.178165300847719 0.256307789535087 0.348368691856603 0.455272180691004 0.57648965053817 0.710035226512263 0.852625325341829 1 
0 0.0551239370034084 0.114512370619315 0.182061322401858 0.26094726074647 0.353316220694231 0.460043507695259 0.580599019247146 0.713050067464087 0.854220183951364 1 
0 0.056545435874241 0.117232543341527 0.185840317922547 0.265441601280853 0.358102329711987 0.464652915878879 0.584564198135497 0.715956423554199 0.855756750471817 1 
0 0.0579259930719227 0.119872765712772 0.189504820848309 0.269794749638462 0.362732282290573 0.469106481242121 0.588391179189525 0.718759124053838 0.857237724675339 1 
0 0.0592662529282315 0.122434526544335 0.193057445399848 0.274010617592448 0.367211171057052 0.473409980907406 0.592085594828495 0.721462675972901 0.858665616243059 1 
0 0.0605669264908553 0.124919408290805 0.196500863178877 0.278093078016449 0.371543923185635 0.477568915597651 0.595652750569601 0.724071295681485 0.860042764071987 1 
0 0.0618287782605533 0.127329065986846 0.199837783162044 0.282045954793654 0.375735305599912 0.481588529784296 0.599097653949579 0.726588936774357 0.861371353251157 1 
0 0.0630526147491329 0.129665209136481 0.203070934647514 0.285873014518536 0.379789930059287 0.485473829777929 0.602425040169411 0.729019314658364 0.862653430008505 1 
0 0.0642392746285379 0.131929586177709 0.20620305276751 0.289577959741779 0.383712258118584 0.489229600002209 0.605639394868568 0.73136592827876 0.863890914888956 1 
0 0.0653896202687491 0.134123971191253 0.209236866229 0.293164423542625 0.387506605954191 0.49286041766312 0.608744974383179 0.733632079345428 0.865085614389239 1 
0 0.0665045304866672 0.136250152563 0.212175086987626 0.296635965241938 0.391177149053312 0.496370666000163 0.611745823797242 0.735820889372615 0.866239231244889 1 
0 0.0675848943498892 0.138309923345764 0.215020401597521 0.299996067094292 0.394727926765138 0.499764546283573 0.614645793056674 0.737935314804916 0.867353373539168 1 
0 0.0686316058985512 0.140305073097725 0.217775464012526 0.303248131818984 0.398162846714334 0.503046088701795 0.617448551381721 0.739978160466919 0.868429562781361 1 
0 0.0696455596654254 0.142237381002934 0.220442889643078 0.306395480848615 0.401485689078371 0.50621916226595 0.620157600183478 0.741952091543334 0.86946924108276 1 
0 0.0706276468894532 0.144108610103813 0.223025250498209 0.309441353190021 0.404700110730978 0.5092874838426 0.622776284664254 0.743859644269857 0.870473777542031 1 
0 0.0715787523310886 0.145920502497158 0.225525071264014 0.312388904806403 0.407809649254533 0.512254626412611 0.625307804258904 0.745703235492047 0.871444473937296 1 
0 0.0724997516094156 0.147674775364087 0.227944826189192 0.31524120844165 0.410817726824516 0.515124026642016 0.627755222054521 0.747485171229416 0.872382569809781 1 
0 0.0733915089911675 0.149373117720898 0.230286936664976 0.318001253818452 0.413727653969394 0.517898991840351 0.630121473308651 0.749207654364572 0.873289247013066 1 
0 0.0742548755706886 0.151017187792347 0.232553769401442 0.320671948150941 0.416542633209399 0.520582706372798 0.632409373171191 0.750872791562096 0.874165633792546 1 
0 0.0750906877876786 0.152608610921493 0.23474763511491 0.323256116920594 0.419265762577713 0.523178237584463 0.634621623702029 0.752482599508611 0.875012808451547 1 
0 0.0758997662363905 0.154148977941361 0.236870787652332 0.325756504871072 0.42190003902759 0.525688541288068 0.636760820265034 0.754039010554062 0.875831802653386 1 
0 0.076682914725917 0.155639843943361 0.238925423488255 0.328175777183665 0.42444836172891 0.528116466860231 0.638829457369055 0.755543877824161 0.876623604402483 1 
0 0.077440919556426 0.157082727385844 0.240913681538427 0.330516520800277 0.426913535257602 0.530464761986065 0.640829934017816 0.756998979865233 0.877389160742215 1 
0 0.0781745489807568 0.158479109493566 0.242837643241516 0.332781245865435 0.429298272681315 0.532736077087161 0.642764558623038 0.758406024875088 0.878129380202483 1 
0 0.0788845528247742 0.15983043390528 0.244699332866839 0.334972387262755 0.431605198544637 0.534932969463838 0.644635553528429 0.759766654566869 0.878845135025857 1 
0 0.0795716622433512 0.161138106532298 0.246500718011625 0.337092306224744 0.433836851757077 0.537057907178968 0.646445059186379 0.761082447707052 0.879537263197575 1 
0 0.0802365895918829 0.162403495595758 0.248243710256222 0.339143291997815 0.435995688386929 0.539113272707474 0.648195138024133 0.762354923363669 0.880206570301542 1 
0 0.0808800283958802 0.163627931814621 0.249930165949932 0.341127563546989 0.438084084364073 0.541101366372846 0.649887778031759 0.763585543896448 0.880853831221737 1 
0 0.0815026534035004 0.164812708720144 0.251561887103847 0.343047271286998 0.440104338094636 0.543024409589559 0.651524896100351 0.764775717716648 0.881479791706062 1 
0 0.0821051207078815 0.165959083075831 0.25314062237033 0.344904498828493 0.442058672990397 0.544884547928182 0.653108341135519 0.76592680184102 0.88208516980757 1 
0 0.082688067927904 0.167068275384681 0.254668068091551 0.34670126472974 0.443949239915691 0.546683854018033 0.65463989696824 0.76704010426137 0.882670657216197 1 
0 0.0832521144375282 0.168141470468045 0.256145869401991 0.348439524245661 0.445778119554488 0.548424330300655 0.656121285082548 0.768116886148602 0.883236920492522 1 
0 0.0837978616351912 0.169179818102521 0.257575621371899 0.35012117106738 0.447547324700268 0.550107911645897 0.657554167177268 0.769158363907891 0.883784602213708 1 
0 0.0843258932459042 0.170184433703204 0.2589588701806 0.351748039046516 0.449258802471181 0.551736467841144 0.658940147577019 0.770165711099622 0.884314322040533 1 
0 0.0848367756497027 0.171156399043236 0.260297114310106 0.353321903899432 0.450914436452947 0.553311805963115 0.660280775505928 0.771140060239058 0.884826677713385 1 
0 0.0853310582309796 0.172096763001015 0.261591805750925 0.354844484887495 0.452516048771831 0.554835672640663 0.661577547236034 0.772082504486124 0.885322245984148 1 
0 0.0858092737439982 0.17300654232764 0.262844351213145 0.356317446470084 0.454065402099997 0.556309756216176 0.66283190812094 0.772994099235435 0.885801583490091 1 
0 0.086271938690546 0.173886722428261 0.264056113336956 0.357742399927742 0.455564201595419 0.557735688812371 0.664045254524184 0.773875863615489 0.886265227575175 1 
0 0.086719553706269 0.174738258151921 0.265228411897653 0.359120904953372 0.457014096778511 0.559115048310658 0.665218935650681 0.774728781904949 0.886713697063555 1 
0 0.08715260395273 0.175562074585281 0.266362525000982 0.360454471209845 0.458416683347514 0.560449360246617 0.666354255288763 0.775553804873062 0.887147492989501 1 
0 0.0875715595126704 0.176359067846331 0.26745969026537 0.36174455985278 0.459773504934659 0.561740099627631 0.66745247346948 0.776351851050442 0.887567099287521 1 
0 0.0879768757863338 0.17713010587479 0.26852110598816 0.362992585017603 0.461086054805023 0.562988692677257 0.668514808049184 0.777123807935814 0.887972983445988 1 
0 0.0883689938870414 0.177876029216428 0.269547932293518 0.364199915270262 0.462355777499961 0.564196518510488 0.669542436220752 0.777870533143662 0.888365597127267 1 
0 0.0887483410344898 0.178597651798996 0.270541292260069 0.365367875021247 0.463584070426904 0.565364910743734 0.670536495958301 0.778592855497227 0.888745376756977 1 
0 0.0891153309444952 0.179295761697852 0.271502273026771 0.36649774590274 0.464772285397295 0.566495159042979 0.671498087399754 0.779291576070835 0.889112744084735 1 
0 0.0894703642141156 0.179971121889706 0.272431926875787 0.367590768108935 0.465921730114338 0.567588510613343 0.672428274171189 0.779967469185108 0.889468106718523 1 
0 0.0898138287012738 0.180624470993203 0.273331272291476 0.368648141699687 0.467033669612205 0.568646171632957 0.673328084656547 0.780621283358273 0.889811858634544 1 
0 0.0901460998981589 0.181256523995318 0.274201294994789 0.369671027867789 0.468109327648283 0.569669308633903 0.674198513215925 0.781253742216454 0.890144380664272 1 
0 0.0904675412978255 0.181867972962755 0.275042948952632 0.370660550170287 0.469149888049992 0.570659049832704 0.675040521355428 0.781865545365551 0.890466040960242 1 
0 0.0907785047535269 0.182459487737738 0.275857157361891 0.371617795724304 0.470156496017661 0.571616486412708 0.675855038851227 0.782457369227074 0.890777195441931 1 
0 0.0910793308304215 0.183031716617719 0.276644813607977 0.372543816367952 0.471130259384891 0.572542673760532 0.676642964830336 0.783029867840077 0.891078188223002 1 
0 0.09137034914938 0.183585287018706 0.277406782197883 0.37343962978694 0.472072249837792 0.573438632658586 0.677405168810315 0.783583673631138 0.891369352021026 1 
0 0.0916518787226953 0.184120806121989 0.278143899667843 0.374306220607538 0.472983504094439 0.574305350435564 0.678142491700013 0.78411939815416 0.891651008550722 1 
0 0.0919242282815616 0.184638861504176 0.27885697546579 0.375144541456607 0.473865025045847 0.575143782076672 0.678855746763246 0.784637632801632 0.891923468901627 1 
0 0.0921876965952458 0.185140021750509 0.279546792808858 0.375955513989415 0.474717782859709 0.575954851295255 0.679545720547183 0.785138949488835 0.892187033901086 1 
0 0.0924425727819183 0.185624837051538 0.28021410951626 0.376740029885994 0.475542716048126 0.576739451567382 0.680213173777091 0.785623901312368 0.892441994463307 1 
0 0.092689136611152 0.186093839783239 0.280859658817931 0.377498951816793 0.476340732500501 0.577498447130867 0.680858842218947 0.786093023184255 0.892688631925225 1 
0 0.0929276587981303 0.186547545070774 0.281484150139321 0.378233114378408 0.47711271048272 0.578232673950105 0.681483437511356 0.786546832442809 0.892927218369827 1 
0 0.0931584012896347 0.186986451336075 0.282088269862834 0.37894332500015 0.477859499603744 0.57894294064806 0.68208764796809 0.786985829441331 0.893158016937545 1 
0 0.0933816175419032 0.187411040829515 0.282672682066353 0.379630364822243 0.478581921750652 0.579630029406632 0.682672139352494 0.787410498115655 0.893381282126292 1 
0 0.0935975527904726 0.187821780145924 0.28323802923937 0.380294989546416 0.479280771993175 0.580294696836592 0.683237555624927 0.78782130653148 0.893597260080649 1 
0 0.0938064443121321 0.188219120725255 0.283784932977237 0.380937930259654 0.479956819458728 0.580937674818232 0.683784519664333 0.788218707412352 0.89380618887071 1 
0 0.0940085216791292 0.188603499338208 0.284313994654049 0.381559894231873 0.480610808178871 0.581559671313764 0.684313633964972 0.788603138649132 0.894008298761021 1 
0 0.0942040070057791 0.188975338557129 0.28482579607471 0.382161565688264 0.481243457908169 0.582161371152536 0.684825481309289 0.788975023791708 0.894203812470051 1 
0 0.0943931151876359 0.189335047212539 0.285320900106701 0.382743606557048 0.481855464916323 0.582743436789998 0.685320625417844 0.789334772523683 0.894392945420586 1 
0 0.0945760541333917 0.189683020835625 0.285799851292096 0.383306657193357 0.482447502754456 0.583306509041389 0.685799611577175 0.789682781120705 0.894575905981423 1 
0 0.0947530249896723 0.190019642087038 0.286263176440359 0.38385133707997 0.483020222996401 0.583851207791007 0.686262967246423 0.790019432893101 0.894752895700709 1 
0 0.0949242223589033 0.190345281172356 0.286711385202456 0.384378245505577 0.483574255955792 0.584378132677943 0.68671120264351 0.790345098613411 0.89492410953127 1 
0 0.0950898345104199 0.190660296244572 0.287144970626796 0.384887962221275 0.484110211379771 0.584887863759082 0.687144811311622 0.790660136929397 0.895089736048227 1 
0 0.0952500435849973 0.190965033793929 0.287564409697548 0.385381048075947 0.484628679120043 0.585380962150158 0.6875642706667 0.790964894763082 0.895249957659208 1 
0 0.0954050257929755 0.191259829025491 0.287970163855808 0.385858045631179 0.485130229782049 0.585857970645634 0.687970042526647 0.79125970769633 0.89540495080743 1 
0 0.0955549516061556 0.191545006224758 0.28836267950416 0.386319479756346 0.485615415352954 0.58631941431811 0.68836257362287 0.791544900343469 0.89555488616792 1 
0 0.095699985943638 0.191820879111691 0.288742388495088 0.386765858204486 0.486084769809136 0.586765801097978 0.688742296094816 0.79182078671142 0.89569992883713 1 
0 0.0958402883517764 0.192087751183472 0.289109708603755 0.38719767216957 0.486538809703867 0.587197622333977 0.689109627968071 0.792087670547789 0.895840238516183 1 
0 0.0959760131784162 0.192345916046335 0.289465043985599 0.387615396825731 0.486978034735805 0.587615353335305 0.689464973616612 0.792345845677348 0.895975969687991 1 
0 0.0961073097415836 0.192595657736783 0.289808785619222 0.388019491849045 0.487402928298947 0.588019453895907 0.689808724209755 0.792595596327317 0.896107271788446 1 
0 0.096234322492789 0.192837251032529 0.290141311735017 0.388410401922404 0.487813958014633 0.588410368801536 0.690141258144326 0.792837197441839 0.896234289371921 1 
0 0.0963571911751062 0.193070961753445 0.290462988229984 0.388788557224018 0.488211576246191 0.588788528320165 0.690462941462567 0.793070914986029 0.896357162271253 1 
0 0.0964760509761837 0.193297047052845 0.290774169069149 0.389154373900064 0.488596220596792 0.589154348676308 0.690774128256254 0.79329700623995 0.896476025752427 1 
0 0.0965910326763429 0.193515755699392 0.291075196674019 0.389508254522002 0.488968314391055 0.589508232509784 0.691075161057504 0.793515720082877 0.896591010664126 1 
0 0.0967022627919118 0.193727328349918 0.291366402298471 0.389850588529025 0.489328267140947 0.589850569319448 0.691366371216722 0.793727297268169 0.896702243582334 1 
0 0.0968098637139433 0.193931997813434 0.291648106392472 0.390181752656148 0.489676474996473 0.590181735892372 0.691648079268113 0.793931970689075 0.896809846950168 1 
0 0.096913953842459 0.194129989306616 0.291920618954018 0.390502111348364 0.490013321181664 0.590502096718986 0.691920595283187 0.794129965635785 0.896913939213081 1 
0 0.0970146477163584 0.194321520701031 0.292184239869666 0.390812017161349 0.490339176416338 0.590812004394612 0.692184219212653 0.794321500044018 0.897014634949622 1 
0 0.0971120561391298 0.194506802762352 0.292439259244015 0.391111811149118 0.4906543993241 0.591111800007868 0.692439241217094 0.794506784735431 0.89711204499788 1 
0 0.0972062863004939 0.194686039381832 0.292685957718495 0.391401823239078 0.490959336827028 0.591401813516354 0.692685941986798 0.794686023650135 0.89720627657777 1 
0 0.0972974418941087 0.194859427800274 0.292924606779802 0.391682372594867 0.491254324527487 0.59168236411006 0.692924593051095 0.794859414071568 0.897297433409302 1 
0 0.0973856232314608 0.195027158824728 0.293155469058314 0.391953767967385 0.491539687077471 0.591953760562881 0.693155457077574 0.795027146843988 0.897385615826956 1 
0 0.0974709273520629 0.195189417038168 0.293378798616809 0.39221630803439 0.491815738535912 0.592216301572642 0.693378788161481 0.79518940658284 0.897470920890315 1 
0 0.0975534481300769 0.195346381002347 0.293594841229789 0.392470281729037 0.492082782714315 0.592470276090012 0.693594832105654 0.795346371878212 0.897553442491052 1 
0 0.0976332763774745 0.195498223454071 0.293803834653724 0.392715968557714 0.492341113511121 0.59271596363666 0.693803826691293 0.795498215491639 0.897633271456421 1 
0 0.0977104999438484 0.19564511149509 0.294006008888503 0.39295363890752 0.492591015235165 0.592953634613025 0.694006001939864 0.795645104546451 0.897710495649353 1 
0 0.0977852038129794 0.195787206775814 0.294201586430371 0.393183554343729 0.49283276291857 0.593183550596018 0.694201580366447 0.795787200711889 0.897785200065268 1 
0 0.0978574701962644 0.195924665673055 0.294390782516638 0.393405967897557 0.493066622619439 0.593405964627011 0.694390777224785 0.795924660381201 0.897857466925719 1 
0 0.0979273786231063 0.196057639461986 0.294573805362416 0.393621124344544 0.493292851714669 0.593621121490412 0.694573800744333 0.796057634843902 0.897927375768974 1 
0 0.097995006028364 0.196186274482503 0.294750856389649 0.393829260473877 0.493511699183208 0.593829257983138 0.694750852359549 0.796186270452403 0.897995003537625 1 
0 0.0980604268369556 0.196310712300172 0.294922130448676 0.394030605348911 0.493723405880074 0.594030603175298 0.694922126931696 0.796310708783192 0.898060424663343 1 
0 0.0981237130457092 0.196431089861935 0.295087816032586 0.394225380559221 0.493928204801428 0.594225378662356 0.695087812963396 0.796431086792744 0.898123711148845 1 
0 0.0981849343025479 0.196547539646743 0.29524809548458 0.394413800464412 0.494126321341002 0.59441379880906 0.695248092806165 0.796547536968328 0.898184932647196 1 
0 0.0982441579830971 0.196660189811291 0.295403145198578 0.394596072429998 0.494317973538158 0.594596070985409 0.695403142861184 0.796660187473896 0.898244156538508 1 
0 0.0983014492647959 0.196769164330989 0.295553135813289 0.394772397055578 0.494503372317855 0.594772395794917 0.695553133773497 0.796769162291196 0.898301448004135 1 
0 0.0983568711985949 0.196874583136358 0.295698232399952 0.394942968395574 0.494682721722783 0.594942967295423 0.69569823061987 0.796874581356276 0.898356870098444 1 
0 0.0984104847783176 0.196976562244968 0.295838594643961 0.39510797417277 0.494856219137927 0.595107973212692 0.695838593090523 0.79697656069153 0.89841048381824 1 
0 0.0984623490077619 0.197075213889082 0.295974377020566 0.395267595984886 0.495024055507796 0.595267595147047 0.695974375664915 0.797075212533431 0.898462348169923 1 
0 0.0985125209656147 0.197170646639137 0.296105728964845 0.395422009504416 0.495186415546576 0.595422008773253 0.696105727781798 0.79717064545609 0.898512520234451 1 
0 0.0985610558682505 0.197262965523199 0.296232795036133 0.395571384671946 0.495343477941415 0.595571384033876 0.696232794003713 0.797262964490779 0.89856105523018 1 
0 0.0986080071304831 0.197352272142527 0.296355715077092 0.395715885883164 0.495495415549079 0.595715885326335 0.696355714176123 0.797352271241558 0.898608006573653 1 
0 0.0986534264243368 0.197438664783368 0.296474624367595 0.395855672169779 0.495642395586193 0.595855671683845 0.696474623581338 0.797438663997111 0.898653425938404 1 
0 0.0986973637359015 0.1975222385251 0.29658965377358 0.395990897374522 0.495784579813272 0.595990896950459 0.696589653087432 0.797522237838951 0.898697363311838 1 
0 0.0987398674203337 0.19760308534486 0.296700929891067 0.396121710320458 0.495922124712751 0.596121709950388 0.696700929292281 0.797603084746074 0.898739867050263 1 
0 0.0987809842550647 0.197681294218754 0.296808575185462 0.396248254974759 0.496055181661199 0.596248254651806 0.696808574662914 0.797681293696206 0.898780983932112 1 
0 0.0988207594912729 0.19775695121976 0.296912708126325 0.39637067060714 0.496183897095921 0.596370670325306 0.696912707670309 0.797756950763744 0.898820759209439 1 
0 0.0988592369036777 0.197830139612453 0.297013443317742 0.396489091943129 0.496308412676123 0.596489091697179 0.697013442919786 0.797830139214497 0.898859236657728 1 
0 0.0988964588387101 0.197900939944624 0.297110891624441 0.396603649312331 0.49642886543881 0.596603649097696 0.697110891277154 0.797900939597337 0.898896458624075 1 
0 0.0989324662611114 0.197969430135925 0.297205160293799 0.396714468791861 0.496545387949612 0.596714468604553 0.697205159990729 0.797969429832855 0.898932466073804 1 
0 0.0989672987990121 0.198035685563612 0.297296353073861 0.396821672345091 0.496658108448675 0.596821672181632 0.697296352809379 0.798035685299129 0.898967298635553 1 
0 0.0990009947875413 0.198099779145495 0.297384570327521 0.396925377955876 0.496767150991799 0.596925377813229 0.697384570096714 0.798099778914687 0.899000994644894 1 
0 0.0990335913110121 0.198161781420186 0.297469909142964 0.397025699758399 0.496872635586968 0.597025699633914 0.697469908941543 0.798161781218765 0.899033591186527 1 
0 0.0990651242437327 0.198221760624721 0.297552463440516 0.397122748162777 0.496974678326427 0.597122748054142 0.697552463264741 0.798221760448945 0.899065124135097 1 
0 0.0990956282894845 0.198279782769657 0.297632324076005 0.397216629976573 0.497073391514449 0.59721662988177 0.697632323922609 0.798279782616261 0.899095628194681 1 
0 0.0991251370197137 0.198335911711715 0.297709578940745 0.397307448522342 0.497168883790931 0.597307448439609 0.69770957880688 0.79833591157785 0.899125136936981 1 
0 0.0991536829104763 0.198390209224058 0.297784313058267 0.397395303751339 0.497261260250961 0.59739530367914 0.697784312941446 0.798390209107237 0.899153682838277 1 
0 0.0991812973781781 0.198442735064267 0.297856608677888 0.397480292353522 0.49735062256048 0.597480292290516 0.697856608575941 0.79844273496232 0.899181297315171 1 
0 0.0992080108141484 0.198493547040111 0.297926545365226 0.397562507863963 0.497437069068173 0.597562507808979 0.697926545276259 0.798493546951144 0.899208010759164 1 
0 0.0992338526180865 0.198542701073162 0.297994200089767 0.397642040765787 0.497520694913705 0.597642040717803 0.697994200012127 0.798542700995522 0.899233852570103 1 
0 0.0992588512304161 0.198590251260338 0.298059647309572 0.397718978589753 0.497601592132432 0.597718978547879 0.698059647241818 0.798590251192584 0.899258851188542 1 
0 0.0992830341635848 0.198636249933442 0.298122959053221 0.397793406010586 0.497679849756688 0.597793405974043 0.698122958994093 0.798636249874315 0.899283034127042 1 
0 0.0993064280323423 0.198680747716749 0.298184204999083 0.397865404940165 0.497755553913772 0.597865404908275 0.698184204947484 0.79868074766515 0.899306428000452 1 
0 0.0993290585830306 0.198723793582725 0.298243452551999 0.397935054617673 0.497828787920737 0.597935054589843 0.698243452506969 0.798723793537695 0.899329058555201 1 
0 0.0993509507219185 0.198765434905918 0.298300766917466 0.398002431696803 0.497899632376085 0.598002431672517 0.698300766878169 0.798765434866622 0.899350950697632 1 
0 0.0993721285426122 0.198805717515101 0.298356211173396 0.398067610330118 0.497968165248468 0.598067610308924 0.698356211139103 0.798805717480808 0.899372128521418 1 
0 0.099392615352571 0.198844685743703 0.298409846339538 0.398130662250661 0.498034461962503 0.598130662232165 0.698409846309611 0.798844685713776 0.899392615334075 1 
0 0.099412433698758 0.198882382478604 0.298461731444634 0.398191656850901 0.498098595481776 0.59819165683476 0.698461731418517 0.798882382452488 0.899412433682617 1 
0 0.099431605392454 0.198918849207332 0.29851192359138 0.398250661259104 0.498160636389145 0.598250661245018 0.698511923568588 0.798918849184541 0.899431605378368 1 
0 0.099450151533262 0.198954126063722 0.298560478019272 0.39830774041321 0.498220652964422 0.598307740400917 0.698560477999382 0.798954126043832 0.89945015152097 1 
0 0.0994680925323279 0.198988251872085 0.298607448165401 0.398362957132301 0.498278711259516 0.598362957121574 0.698607448148044 0.798988251854728 0.899468092521601 1 
0 0.0994854481348044 0.199021264189938 0.298652885723262 0.398416372185739 0.49833487517113 0.598416372176378 0.698652885708115 0.799021264174791 0.899485448125443 1 
0 0.0995022374415808 0.199053199349335 0.298696840699647 0.398468044360044 0.498389206511083 0.598468044351875 0.698696840686428 0.799053199336116 0.899502237433411 1 
0 0.0995184789303052 0.199084092496854 0.298739361469675 0.398518030523591 0.498441765074334 0.598518030516462 0.69873936145814 0.799084092485319 0.899518478923176 1 
0 0.0995341904757198 0.199113977632278 0.29878049483004 0.3985663856892 0.498492608704796 0.598566385682978 0.698780494819973 0.799113977622211 0.899534190469498 1 
0 0.0995493893693327 0.199142887646013 0.298820286050506 0.398613163074679 0.498541793358991 0.598613163069249 0.698820286041721 0.799142887637228 0.899549389363903 1 
0 0.0995640923384485 0.199170854355284 0.298858778923732 0.398658414161392 0.49858937316764 0.598658414156654 0.698858778916066 0.799170854347617 0.89956409233371 1 
0 0.0995783155645774 0.199197908539155 0.298896015813469 0.398702188750921 0.498635400495228 0.598702188746786 0.698896015806779 0.799197908532464 0.899578315560443 1 
0 0.0995920747012441 0.199224079972401 0.298932037701182 0.398744535019873 0.498679925997645 0.598744535016265 0.698932037695343 0.799224079966562 0.899592074697636 1 
0 0.0996053848912149 0.199249397458276 0.298966884231152 0.3987854995729 0.498722998677928 0.598785499569751 0.698966884226057 0.79924939745318 0.899605384888066 1 
0 0.0996182607831635 0.199273888860214 0.299000593754109 0.398825127493993 0.498764665940193 0.598825127491245 0.699000593749663 0.799273888855768 0.899618260780415 1 
0 0.0996307165477925 0.199297581132496 0.299033203369439 0.398863462396098 0.49880497364181 0.5988634623937 0.699033203365559 0.799297581128615 0.899630716545394 1 
0 0.0996427658934294 0.199320500349909 0.299064748966011 0.398900546469116 0.49884396614387 0.598900546467023 0.699064748962625 0.799320500346523 0.899642765891337 1 
0 0.0996544220811128 0.19934267173645 0.299095265261679 0.398936420526332 0.498881686360003 0.598936420524506 0.699095265258724 0.799342671733495 0.899654422079286 1 
0 0.0996656979391875 0.19936411969308 0.299124785841487 0.398971124049338 0.498918175803614 0.598971124047744 0.699124785838908 0.799364119690501 0.899665697937594 1 
0 0.0996766058774226 0.199384867824585 0.299153343194635 0.39900469523148 0.498953474633565 0.599004695230089 0.699153343192385 0.799384867822334 0.899676605876032 1 
0 0.0996871579006692 0.199404938965548 0.299180968750233 0.399037171019893 0.498987621698378 0.599037171018679 0.699180968748269 0.799404938963584 0.899687157899455 1 
0 0.0996973656220723 0.199424355205483 0.299207692911891 0.399068587156168 0.499020654578984 0.599068587155109 0.699207692910177 0.799424355203769 0.899697365621013 1 
0 0.0997072402758518 0.199443137913149 0.299233545091181 0.399098978215681 0.499052609630087 0.599098978214757 0.699233545089685 0.799443137911653 0.899707240274927 1 
0 0.0997167927296669 0.199461307760061 0.299258553740004 0.39912837764565 0.499083522020175 0.599128377644843 0.699258553738698 0.799461307758755 0.89971679272886 1 
0 0.0997260334965758 0.199478884743244 0.299282746381905 0.399156817801943 0.499113425770222 0.599156817801239 0.699282746380765 0.799478884742105 0.899726033495872 1 
0 0.0997349727466065 0.199495888207241 0.299306149642364 0.39918432998469 0.499142353791135 0.599184329984076 0.69930614964137 0.799495888206247 0.899734972745992 1 
0 0.0997436203179493 0.199512336865404 0.299328789278098 0.399210944472729 0.499170337919967 0.599210944472193 0.699328789277231 0.799512336864536 0.899743620317413 1 
0 0.0997519857277844 0.199528248820484 0.29935069020541 0.399236690556931 0.499197408954963 0.599236690556464 0.699350690204653 0.799528248819727 0.899751985727317 1 
0 0.099760078182756 0.19954364158456 0.299371876527609 0.399261596572435 0.499223596689453 0.599261596572027 0.699371876526948 0.799543641583899 0.899760078182348 1 
0 0.0997679065891052 0.199558532098308 0.299392371561534 0.399285689929832 0.499248929944638 0.599285689929476 0.699392371560958 0.799558532097732 0.899767906588749 1 
0 0.0997754795624711 0.199572936749649 0.299412197863225 0.399308997145335 0.499273436601315 0.599308997145024 0.699412197862722 0.799572936749146 0.89977547956216 1 
0 0.0997828054373734 0.199586871391782 0.299431377252736 0.399331543869958 0.499297143630558 0.599331543869687 0.699431377252297 0.799586871391343 0.899782805437102 1 
0 0.099789892276385 0.19960035136063 0.299449930838159 0.399353354917751 0.499320077123401 0.599353354917514 0.699449930837776 0.799600351360247 0.899789892276148 1 
0 0.0997967478790052 0.199613391491725 0.299467879038847 0.399374454293104 0.499342262319555 0.599374454292897 0.699467879038512 0.79961339149139 0.899796747878798 1 
0 0.0998033797902433 0.199626006136526 0.299485241607892 0.399394865217169 0.499363723635185 0.599394865216988 0.6994852416076 0.799626006136234 0.899803379790063 1 
0 0.0998097953089229 0.19963820917822 0.299502037653862 0.399414610153415 0.499384484689781 0.599414610153258 0.699502037653607 0.799638209177966 0.899809795308766 1 
0 0.0998160014957144 0.199650014047002 0.299518285661832 0.399433710832353 0.499404568332151 0.599433710832215 0.69951828566161 0.799650014046779 0.899816001495577 1 
0 0.0998220051809054 0.199661433734849 0.299534003513729 0.399452188275445 0.499423996665573 0.599452188275326 0.699534003513535 0.799661433734656 0.899822005180785 1 
0 0.0998278129719183 0.199672480809828 0.299549208508008 0.399470062818249 0.499442791072115 0.599470062818145 0.699549208507839 0.799672480809659 0.899827812971814 1 
0 0.0998334312605821 0.199683167429918 0.299563917378695 0.399487354132791 0.499460972236169 0.599487354132699 0.699563917378547 0.79968316742977 0.899833431260491 1 
0 0.0998388662301667 0.199693505356398 0.299578146313801 0.399504081249218 0.49947856016722 0.599504081249139 0.699578146313672 0.799693505356269 0.899838866230087 1 
0 0.0998441238621884 0.199703505966789 0.299591910973139 0.399520262576746 0.499495574221859 0.599520262576677 0.699591910973027 0.799703505966676 0.899844123862119 1 
0 0.0998492099429924 0.199713180267372 0.299605226505558 0.399535915923915 0.499512033125094 0.599535915923854 0.69960522650546 0.799713180267274 0.899849209942932 1 
0 0.0998541300701215 0.199722538905308 0.299618107565615 0.399551058518189 0.499527954990954 0.599551058518136 0.699618107565529 0.799722538905222 0.899854130070069 1 
0 0.0998588896584763 0.199731592180348 0.299630568329704 0.39956570702492 0.499543357342426 0.599565707024873 0.699630568329629 0.799731592180273 0.89985888965843 1 
0 0.0998634939462748 0.199740350056176 0.299642622511657 0.399579877565683 0.49955825713074 0.599579877565643 0.699642622511592 0.799740350056111 0.899863493946235 1 
0 0.099867948000817 0.199748822171369 0.299654283377839 0.399593585736027 0.499572670754022 0.599593585735992 0.699654283377782 0.799748822171312 0.899867948000782 1 
0 0.0998722567240621 0.199757017850008 0.299665563761745 0.399606846622629 0.499586614075347 0.599606846622598 0.699665563761695 0.799757017849959 0.899872256724031 1 
0 0.0998764248580235 0.199764946111938 0.299676476078128 0.399619674819907 0.499600102440191 0.59961967481988 0.699676476078084 0.799764946111895 0.899876424857997 1 
0 0.0998804569899873 0.199772615682696 0.299687032336658 0.399632084446075 0.499613150693326 0.599632084446052 0.69968703233662 0.799772615682659 0.899880456989964 1 
0 0.0998843575575613 0.199780035003114 0.299697244155143 0.399644089158686 0.499625773195151 0.599644089158666 0.69969724415511 0.799780035003081 0.899884357557541 1 
0 0.0998881308535584 0.199787212238606 0.299707122772314 0.39965570216966 0.499637983837501 0.599655702169642 0.699707122772286 0.799787212238577 0.899888130853541 1 
0 0.0998917810307215 0.19979415528816 0.299716679060194 0.399666936259825 0.499649796058935 0.59966693625981 0.699716679060168 0.799794155288134 0.899891781030706 1 
0 0.0998953121062937 0.199800871793025 0.29972592353606 0.399677803792985 0.499661222859523 0.599677803792971 0.699725923536038 0.799800871793003 0.89989531210628 1 
0 0.0998987279664395 0.199807369145126 0.299734866374023 0.399688316729522 0.49967227681516 0.599688316729511 0.699734866374004 0.799807369145107 0.899898727966428 1 
0 0.0999020323705219 0.199813654495196 0.299743517416224 0.399698486639568 0.499682970091398 0.599698486639558 0.699743517416207 0.799813654495179 0.899902032370511 1 
0 0.0999052289552394 0.199819734760647 0.299751886183663 0.39970832471573 0.499693314456841 0.599708324715721 0.699751886183648 0.799819734760633 0.89990522895523 1 
0 0.0999083212386289 0.199825616633183 0.29975998188668 0.399717841785411 0.499703321296097 0.599717841785403 0.699759981886667 0.79982561663317 0.899908321238621 1 
0 0.0999113126239373 0.199831306586164 0.299767813435092 0.39972704832273 0.499713001622304 0.599727048322723 0.69976781343508 0.799831306586153 0.89991131262393 1 
0 0.0999142064033671 0.199836810881731 0.299775389447995 0.399735954460042 0.499722366089252 0.599735954460036 0.699775389447985 0.799836810881721 0.899914206403361 1 
0 0.0999170057616994 0.199842135577698 0.299782718263256 0.399744569999096 0.49973142500311 0.599744569999091 0.699782718263247 0.799842135577689 0.899917005761694 1 
0 0.099919713779799 0.199847286534218 0.299789807946683 0.399752904421821 0.499740188333766 0.599752904421816 0.699789807946676 0.79984728653421 0.899919713779794 1 
0 0.0999223334380056 0.199852269420233 0.299796666300907 0.399760966900757 0.499748665725801 0.599760966900753 0.699796666300901 0.799852269420227 0.899922333438002 1 
0 0.099924867619413 0.199857089719715 0.299803300873966 0.399768766309155 0.499756866509103 0.599768766309151 0.69980330087396 0.79985708971971 0.899924867619409 1 
0 0.0999273191130428 0.199861752737698 0.299809718967612 0.399776311230741 0.499764799709137 0.599776311230738 0.699809718967607 0.799861752737693 0.89992731911304 1 
0 0.0999296906169136 0.199866263606118 0.29981592764535 0.399783609969163 0.499772474056872 0.599783609969161 0.699815927645346 0.799866263606113 0.899929690616911 1 
0 0.0999319847410104 0.199870627289461 0.29982193374021 0.399790670557129 0.499779897998399 0.599790670557126 0.699821933740207 0.799870627289457 0.899931984741008 1 
0 0.099934204010157 0.199874848590227 0.299827743862267 0.399797500765246 0.499787079704218 0.599797500765244 0.699827743862263 0.799874848590224 0.899934204010155 1 
0 0.0999363508667947 0.199878932154217 0.299833364405913 0.399804108110577 0.499794027078236 0.599804108110575 0.69983336440591 0.799878932154214 0.899936350866793 1 
0 0.0999384276736705 0.199882882475642 0.299838801556902 0.399810499864909 0.499800747766462 0.599810499864907 0.6998388015569 0.799882882475639 0.899938427673669 1 
0 0.0999404367164374 0.199886703902071 0.299844061299151 0.399816683062758 0.499807249165426 0.599816683062756 0.699844061299149 0.799886703902069 0.899940436716436 1 
0 0.0999423802061696 0.19989040063922 0.299849149421327 0.399822664509112 0.499813538430313 0.59982266450911 0.699849149421325 0.799890400639218 0.899942380206168 1 
0 0.0999442602817965 0.199893976755572 0.299854071523219 0.399828450786917 0.499819622482845 0.599828450786916 0.699854071523218 0.79989397675557 0.899944260281795 1 
0 0.0999460790124562 0.199897436186863 0.299858833021903 0.399834048264327 0.499825508018893 0.599834048264326 0.699858833021901 0.799897436186861 0.899946079012455 1 
0 0.0999478383997729 0.199900782740407 0.299863439157698 0.399839463101708 0.499831201515849 0.599839463101707 0.699863439157696 0.799900782740406 0.899947838399772 1 
0 0.0999495403800601 0.199904020099293 0.299867894999937 0.399844701258418 0.499836709239754 0.599844701258417 0.699867894999936 0.799904020099292 0.899949540380059 1 
0 0.0999511868264509 0.19990715182643 0.299872205452549 0.39984976849937 0.499842037252197 0.599849768499369 0.699872205452548 0.799907151826429 0.89995118682645 1 
0 0.0999527795509603 0.199910181368477 0.29987637525945 0.399854670401372 0.499847191416979 0.599854670401372 0.699876375259449 0.799910181368476 0.89995277955096 1 
0 0.099954320306479 0.199913112059629 0.299880409009766 0.399859412359267 0.499852177406574 0.599859412359266 0.699880409009765 0.799913112059628 0.899954320306479 1 
0 0.0999558107887027 0.199915947125291 0.299884311142887 0.399863999591869 0.499857000708369 0.599863999591869 0.699884311142887 0.799915947125291 0.899955810788702 1 
0 0.099957252637998 0.199918689685627 0.299888085953349 0.399868437147708 0.499861666630702 0.599868437147708 0.699888085953349 0.799918689685627 0.899957252637998 1 
0 0.0999586474412084 0.199921342758991 0.299891737595562 0.399872729910587 0.499866180308706 0.599872729910586 0.699891737595561 0.799921342758991 0.899958647441208 1 
0 0.0999599967333999 0.199923909265254 0.29989527008838 0.399876882604952 0.49987054670996 0.599876882604951 0.699895270088379 0.799923909265253 0.8999599967334 1 
0 0.0999613019995512 0.199926392029011 0.299898687319528 0.399880899801097 0.499874770639954 0.599880899801097 0.699898687319528 0.799926392029011 0.899961301999551 1 
0 0.0999625646761875 0.199928793782697 0.299901993049879 0.399884785920193 0.499878856747383 0.599884785920193 0.699901993049879 0.799928793782697 0.899962564676187 1 
0 0.0999637861529615 0.199931117169588 0.29990519091759 0.399888545239152 0.499882809529256 0.599888545239151 0.699905190917589 0.799931117169588 0.899963786152961 1 
0 0.0999649677741831 0.199933364746713 0.29990828444211 0.399892181895333 0.499886633335853 0.599892181895332 0.699908284442109 0.799933364746713 0.899964967774183 1 
0 0.0999661108402987 0.199935538987669 0.299911277028052 0.399895699891098 0.499890332375506 0.599895699891098 0.699911277028051 0.799935538987668 0.899966110840299 1 
0 0.0999672166093224 0.19993764228534 0.29991417196894 0.399899103098219 0.499893910719234 0.599899103098219 0.699914171968939 0.799937642285339 0.899967216609322 1 
0 0.0999682862982207 0.199939676954534 0.299916972450833 0.399902395262131 0.499897372305224 0.599902395262131 0.699916972450833 0.799939676954534 0.899968286298221 1 
0 0.0999693210842515 0.199941645234529 0.299919681555832 0.399905580006062 0.499900720943162 0.599905580006062 0.699919681555832 0.799941645234529 0.899969321084251 1 
0 0.0999703221062602 0.199943549291538 0.299922302265475 0.399908660835019 0.499903960318429 0.599908660835019 0.699922302265475 0.799943549291538 0.89997032210626 1 
0 0.0999712904659326 0.199945391221091 0.29992483746401 0.399911641139641 0.499907093996156 0.599911641139641 0.69992483746401 0.799945391221091 0.899971290465933 1 
0 0.0999722272290078 0.199947173050345 0.299927289941581 0.399914524199936 0.499910125425146 0.599914524199936 0.699927289941581 0.799947173050345 0.899972227229008 1 
0 0.0999731334264508 0.199948896740311 0.299929662397287 0.399917313188887 0.499913057941672 0.599917313188887 0.699929662397287 0.799948896740311 0.899973133426451 1 
0 0.0999740100555873 0.199950564188016 0.299931957442162 0.399920011175949 0.499915894773149 0.599920011175949 0.699931957442162 0.799950564188016 0.899974010055587 1 
0 0.0999748580812012 0.199952177228588 0.299934177602042 0.39992262113042 0.499918639041682 0.59992262113042 0.699934177602042 0.799952177228588 0.899974858081201 1 
0 0.0999756784365965 0.199953737637277 0.29993632532035 0.399925145924715 0.499921293767507 0.599925145924715 0.69993632532035 0.799953737637277 0.899975678436597 1 
0 0.0999764720246246 0.199955247131408 0.299938402960781 0.399927588337524 0.499923861872312 0.599927588337524 0.699938402960781 0.799955247131408 0.899976472024625 1 
0 0.0999772397186775 0.199956707372271 0.299940412809904 0.399929951056872 0.499926346182454 0.599929951056872 0.699940412809904 0.799956707372271 0.899977239718677 1 
0 0.0999779823636496 0.199958119966951 0.299942357079683 0.399932236683077 0.499928749432066 0.599932236683077 0.699942357079683 0.799958119966951 0.89997798236365 1 
0 0.0999787007768669 0.199959486470094 0.299944237909903 0.399934447731609 0.499931074266073 0.599934447731608 0.699944237909903 0.799959486470094 0.899978700776867 1 
0 0.0999793957489871 0.199960808385622 0.299946057370535 0.399936586635862 0.499933323243097 0.599936586635862 0.699946057370535 0.799960808385622 0.899979395748987 1 
0 0.0999800680448696 0.199962087168381 0.299947817464006 0.399938655749831 0.499935498838273 0.599938655749831 0.699947817464006 0.799962087168381 0.89998006804487 1 
0 0.099980718404417 0.199963324225752 0.299949520127406 0.399940657350704 0.499937603445979 0.599940657350704 0.699949520127406 0.799963324225752 0.899980718404417 1 
0 0.0999813475433898 0.199964520919192 0.299951167234621 0.399942593641363 0.499939639382462 0.599942593641363 0.699951167234621 0.799964520919192 0.89998134754339 1 
0 0.0999819561541939 0.199965678565734 0.299952760598392 0.399944466752815 0.499941608888396 0.599944466752815 0.699952760598392 0.799965678565734 0.899981956154194 1 
0 0.0999825449066427 0.19996679843944 0.299954301972314 0.399946278746534 0.499943514131342 0.599946278746534 0.699954301972314 0.79996679843944 0.899982544906643 1 
0 0.0999831144486942 0.199967881772799 0.299955793052763 0.39994803161673 0.499945357208137 0.59994803161673 0.699955793052763 0.799967881772799 0.899983114448694 1 
0 0.0999836654071643 0.199968929758085 0.299957235480764 0.399949727292543 0.499947140147199 0.599949727292543 0.699957235480764 0.799968929758085 0.899983665407164 1 
0 0.0999841983884165 0.199969943548671 0.299958630843797 0.399951367640169 0.499948864910762 0.599951367640169 0.699958630843797 0.799969943548671 0.899984198388416 1 
0 0.0999847139790292 0.199970924260295 0.299959980677546 0.399952954464909 0.499950533397033 0.599952954464909 0.699959980677546 0.799970924260295 0.899984713979029 1 
0 0.0999852127464414 0.19997187297229 0.299961286467583 0.399954489513163 0.499952147442284 0.599954489513163 0.699961286467583 0.79997187297229 0.899985212746441 1 
0 0.0999856952395771 0.199972790728772 0.299962549651012 0.399955974474343 0.49995370882287 0.599955974474343 0.699962549651012 0.799972790728772 0.899985695239577 1 
0 0.0999861619894496 0.199973678539787 0.299963771618042 0.399957410982742 0.499955219257186 0.599957410982742 0.699963771618042 0.799973678539787 0.89998616198945 1 
0 0.0999866135097455 0.199974537382426 0.299964953713524 0.399958800619323 0.499956680407556 0.599958800619323 0.699964953713524 0.799974537382426 0.899986613509746 1 
0 0.0999870502973906 0.199975368201898 0.299966097238424 0.399960144913468 0.499958093882068 0.599960144913468 0.699966097238424 0.799975368201899 0.899987050297391 1 
0 0.0999874728330964 0.199976171912571 0.299967203451264 0.399961445344653 0.499959461236334 0.599961445344653 0.699967203451264 0.799976171912571 0.899987472833096 1 
0 0.0999878815818892 0.199976949398977 0.299968273569496 0.399962703344084 0.499960783975214 0.599962703344084 0.699968273569496 0.799976949398977 0.899987881581889 1 
0 0.0999882769936221 0.199977701516787 0.299969308770852 0.399963920296264 0.49996206355446 0.599963920296264 0.699969308770852 0.799977701516787 0.899988276993622 1 
0 0.0999886595034698 0.199978429093754 0.299970310194635 0.399965097540526 0.49996330138233 0.599965097540526 0.699970310194635 0.799978429093754 0.89998865950347 1 
0 0.0999890295324079 0.199979132930619 0.299971278942971 0.399966236372497 0.499964498821127 0.599966236372497 0.699971278942972 0.79997913293062 0.899989029532408 1 
0 0.0999893874876758 0.199979813802 0.299972216082029 0.399967338045532 0.499965657188707 0.599967338045532 0.699972216082029 0.799979813802 0.899989387487676 1 
0 0.0999897337632251 0.199980472457235 0.299973122643187 0.399968403772089 0.499966777759923 0.599968403772089 0.699973122643187 0.799980472457235 0.899989733763225 1 
0 0.0999900687401533 0.199981109621216 0.29997399962417 0.399969434725066 0.499967861768034 0.599969434725066 0.69997399962417 0.799981109621216 0.899990068740153 1 
0 0.099990392787123 0.19998172599518 0.299974847990151 0.39997043203909 0.499968910406056 0.59997043203909 0.699974847990151 0.79998172599518 0.899990392787123 1 
0 0.0999907062607676 0.199982322257484 0.299975668674807 0.399971396811766 0.499969924828079 0.599971396811766 0.699975668674807 0.799982322257485 0.899990706260768 1 
