T:0.1 dt0.0033333333 dx:0.1
0 0 0 0 0 0 0 0.208712152521967 
0 0 0 0 0 0 0.0435607626098363 0.339394440353026 
0 0 0 0 0 0.00909166052721425 0.098110725788297 0.426912005239624 
0 0 0 0 0.00189754002623493 0.0261695208732344 0.151720544841078 0.489086632155116 
0 0 0 0.000396039603960396 0.00665001597858482 0.0482995874478871 0.20054773647831 0.535498886907252 
0 0 8.26579935670518e-05 0.00163591373846468 0.0142962835700973 0.0729787235973081 0.243830908800034 0.571571262537202 
0 1.7250363874863e-05 0.000393188906903941 0.00401891464567665 0.024399010086926 0.0984984743511478 0.281901658271293 0.600531979908807 
3.59382580726312e-06 9.28570431711715e-05 0.00108723663036963 0.0076606108584396 0.0363709613632594 0.123810180672773 0.315408065973662 0.624396984432836 
2.15913584568669e-05 0.000285506901080907 0.00229184482884484 0.0125322824667157 0.0496451669676741 0.148319848073403 0.345024466631337 0.644481458759768 
7.29752034273975e-05 0.000659866462147431 0.00408852870576853 0.0185158775567711 0.063742710969124 0.171722216077813 0.371354494295976 0.661677582098458 
0.000183081681756172 0.00127591045447366 0.00651265578193257 0.0254500480159644 0.0782872017028261 0.193886875600168 0.394908802176827 0.676611695902023 
0.000380240729112953 0.00218187405838981 0.00956122240390398 0.0331616119436976 0.0929959994042163 0.214785442653474 0.416109685412021 0.689736829605072 
0.000692207551193472 0.0034110250507344 0.0132032770345061 0.0414842274572511 0.107663803360106 0.234446670790279 0.43530371684943 0.701389241110393 
0.00114325993839892 0.00498135274564282 0.0173898251386738 0.050267913307606 0.122145708670965 0.252929401683027 0.452775263489565 0.71182417694817 
0.00175231928350825 0.00689706173991685 0.0220618983665688 0.0593827432366588 0.136342461047064 0.270306550332257 0.468758481934823 0.721239208871623 
0.00253208741467533 0.00915094604629817 0.0271565220384912 0.0687191662038342 0.15018859096459 0.286655802288354 0.483447235674906 0.729789899048421 
0.00348900172715087 0.011727008308499 0.0326108051602069 0.0781865700326742 0.163643259526095 0.302054353356858 0.497003044284662 0.73760058531464 
0.00462375281040659 0.0146029473736014 0.0383645425737715 0.0877110771466968 0.176683367537132 0.316576065953378 0.509561371943816 0.744771976892085 
0.00593212620933773 0.017752326302834 0.0443617233446038 0.0972331370179757 0.189298445033243 0.33029005833774 0.52123658185026 0.751386613514837 
0.00740598019392651 0.0211463543236053 0.0505512789435565 0.106705213123054 0.201486896838206 0.343260133184737 0.532125842662647 0.757512861105745 
0.0090342281052885 0.0247552861639464 0.0568873284190322 0.116089702992423 0.213253261942323 0.355544688004319 0.542312219548739 0.763207884699787 
0.0108037438499608 0.0285494774560021 0.0633291073939713 0.125357139661608 0.224606222807418 0.367196892611691 0.551867132480454 0.768519893473016 
0.0127001477095593 0.0325001488003206 0.0698407107923531 0.134484674701904 0.235557166066547 0.378265005193664 0.560852322908514 0.773489859110752 
0.0147084566518747 0.0365799129415909 0.0763907363763108 0.143454819673312 0.246119147315456 0.388792750849528 0.569321437149711 0.778152847359299 
0.0168136006035864 0.0407631152574271 0.0829518854697472 0.152254413531136 0.256306151516527 0.398819718229247 0.577321309524072 0.782539061561922 
0.0190008160558722 0.0450260309466303 0.0895005559904393 0.160873781760313 0.266132569412422 0.408381749132708 0.584893008992124 0.786674669043468 
0.0212559331488014 0.0493469548936174 0.0960164486173013 0.169306055030962 0.275612831606627 0.417511307554857 0.59207269840105 0.790582461877071 
0.0235655738208379 0.0537062131859801 0.102482197551909 0.177546618827262 0.284761157542733 0.426237821626471 0.598892344337838 0.794282389985756 
0.0259172780517695 0.0580861191125996 0.108883031356165 0.185592669636221 0.293591388004262 0.434587996016187 0.605380307139373 0.797791994856752 
0.0282995735974809 0.0624708912994059 0.115206465649594 0.193442857296887 0.302116878089171 0.442586094733097 0.611561834163746 0.801126765164623 
