T:1 dt0.0033333333 dx:0.1
0 7.18765161452624e-07 3.59382580726312e-06 1.7250363874863e-05 8.26579935670518e-05 0.000396039603960396 0.00189754002623493 0.00909166052721425 0.0435607626098363 0.208712152521967 1
0 4.91078398792071e-06 2.23976244552457e-05 9.62958608665182e-05 0.000407330588252756 0.00169238309969611 0.0068664660983466 0.0269473273133321 0.100595188886671 0.345346329290515 1
0 1.86030491965156e-05 7.82828940188159e-05 0.000305618547531827 0.00116092226104076 0.00427700099291372 0.0151469334044395 0.0508582677342441 0.158302423326785 0.438868282239666 1
0 5.16640950828777e-05 0.000202511327824842 0.000726043861984883 0.0025108523395041 0.0083454510524133 0.0263853999438212 0.0781407484533743 0.211743539120318 0.505669677167863 1
0 0.000117503774183143 0.000432526585667082 0.00143759517067774 0.00457731768176698 0.0139164362196449 0.0399685102592174 0.106769915244979 0.259458820605552 0.555293570421828 1
0 0.000232048754544908 0.00080773245017511 0.00250903373932939 0.00742465073443863 0.0208822668875628 0.055237375044441 0.13539907755699 0.301448267005572 0.593465795654211 1
0 0.000412313680999438 0.00136542214136247 0.00399159967528757 0.0110654750170872 0.0290618232068326 0.0715968403543872 0.163210253431781 0.338257194133546 0.623730916219236 1
0 0.000674903456568882 0.00213757623984609 0.00591671131857419 0.0154711813271621 0.0382427702659747 0.0885572003822138 0.189752710581932 0.370575592232107 0.648353668177963 1
0 0.00103470366844085 0.00314880797249762 0.00829660747450896 0.0205840954443246 0.0482103257656278 0.10573922258589 0.214814186017183 0.399073575754225 0.668826916057623 1
0 0.00150390696635523 0.00441542382645362 0.01112678824842 0.0263286949921194 0.0587644003792031 0.122862329607013 0.238329579898189 0.424343011832383 0.68616475200105 1
0 0.00209142382025232 0.0059453982021959 0.0143892957113663 0.0326207156093757 0.069728197359154 0.139727070048785 0.260320164063733 0.446885010575315 0.701075853315693 1
0 0.0028026545433068 0.00773900125577701 0.0180561571289906 0.039373897255077 0.0809511823182672 0.156197422258797 0.280854718829363 0.467115679696817 0.714068647928779 1
0 0.00363955833110004 0.00978982802557982 0.022092578029468 0.0465045907347884 0.0923086838792431 0.172185281706626 0.300025457877493 0.485377851192753 0.725516758995818 1
0 0.00460093899270978 0.0120860199702487 0.0264596767817945 0.0539346298503198 0.103699700265439 0.187637819839146 0.317933553810416 0.501953575580451 0.735700770513581 1
0 0.00568286816135431 0.0146115238286422 0.0311166910711106 0.0615929011815273 0.115043925285566 0.202527624449987 0.334680737446932 0.517075401353424 0.744835542578833 1
0 0.00687917767779805 0.0173472839049273 0.0360226703609118 0.0694159946862999 0.126278599526006 0.216845227087029 0.350364662559179 0.530935873368073 0.753088500220915 1
0 0.0081819678733875 0.0202723063335433 0.0411377120795473 0.0773482429814576 0.137355518768841 0.230593552284731 0.365076561393724 0.543695267006353 0.760592153533819 1
0 0.00958209390399913 0.0233645658998331 0.0464238165945365 0.0853413808342076 0.148238358632129 0.243783856019913 0.378900264613242 0.555487782865123 0.767452848693316 1
0 0.0110696059970084 0.0266017482730448 0.051845437668716 0.0933539902869257 0.15890037126329 0.256432790133137 0.391912011342656 0.56642647274042 0.773757003764074 1
0 0.0126341305498381 0.0299618347581653 0.0573697984218542 0.101350844344957 0.169322452442156 0.268560304075953 0.404180697538197 0.576607149587063 0.779575632175857 1
0 0.0142651872960109 0.0334235448305401 0.0629670325821935 0.109302222814865 0.179491548457258 0.280188162144958 0.415768350039676 0.586111495438829 0.78496767839328 1
0 0.0159524434885006 0.0369666555544705 0.0686101997922317 0.117183245660107 0.189399360063711 0.291338909286672 0.426730699934774 0.595009540268173 0.789982515089602 1
0 0.017685909683538 0.040572217952188 0.0742752134139907 0.12497324974107 0.199041298311038 0.302035161622988 0.437117781943886 0.603361648292118 0.794661838712185 1
0 0.0194560837264787 0.0442226895817796 0.0799407103258554 0.132655221805525 0.20841564947856 0.312299130654162 0.446974518923287 0.611220118130615 0.799041126853434 1
0 0.0212540503936353 0.0479020007887404 0.0855878848047276 0.140215292257331 0.217522911065353 0.322152314633753 0.456341270140924 0.618630479301006 0.803150771972262 1
0 0.023071544206264 0.0515955698504139 0.0912003026795842 0.147642289133324 0.226365266215043 0.331615308745831 0.465254333612855 0.625632548895673 0.807016972962492 1
0 0.0249009824995983 0.0552902798791997 0.0967637073451585 0.15492734880784 0.234946169294071 0.340707699017383 0.473746399555351 0.632261297920805 0.810662443361656 1
0 0.0267354751187958 0.0589744280951839 0.102265825719525 0.162063578466963 0.243270020191771 0.349448014609679 0.481846955804475 0.638547565746643 0.814106979166322 1
0 0.0285688162779524 0.0626376560333749 0.10769617960337 0.169045764824903 0.251341909120257 0.35785372020107 0.489582648056057 0.644518652665787 0.817367918032951 1
0 0.030395463259643 0.0662708674643577 0.113045905962021 0.175870123535635 0.259167417241444 0.365941235310811 0.496977598709402 0.650198814068028 0.820460513633376 1
0 0.0322105058138491 0.0698661392903163 0.118307588244659 0.182534084046918 0.266752461383025 0.373725971143875 0.504053688403917 0.655609674747506 0.823398243129527 1
0 0.0340096293720319 0.0734166294186124 0.123475099850081 0.189036105097815 0.274103173498241 0.381222378244316 0.510830804291711 0.660770578002488 0.826193061478214 1
0 0.0357890745408208 0.0769164845880084 0.128543460143384 0.195375516578669 0.281225807456516 0.38844400020919 0.517327058856485 0.6656988811981 0.828855613126548 1
0 0.0375455947842244 0.0803607502986595 0.133508702945048 0.201552383996426 0.288126667301076 0.395403530139405 0.523558982768381 0.670410207133043 0.831395409302538 1
0 0.0392764137396928 0.0837452843457906 0.138367757093282 0.207567392285474 0.294812052344809 0.402112867535344 0.529541694913695 0.674918658727989 0.833820977327121 1
0 0.0409791832337626 0.0870666749497347 0.143118338477539 0.213421746158116 0.301288215456618 0.408583174090548 0.535289052390091 0.679237003118819 0.836139987020036 1
0 0.0426519427574114 0.0903221640857693 0.147758852822231 0.219117084592768 0.307561331667263 0.41482492737369 0.540813782929543 0.683376830103754 0.838359358232773 1
0 0.0442930809191134 0.0935095763233326 0.152288308440242 0.224655407411183 0.313637474837368 0.42084797177387 0.54612760191091 0.687348688992049 0.840485352738073 1
0 0.045901299204765 0.0966272532664847 0.156706238157661 0.230039012201093 0.319522600614257 0.426661566358085 0.551241315854561 0.69116220718199 0.842523653079242 1
0 0.0474755782288284 0.099673993529847 0.161012629620953 0.235270440101935 0.325222534285442 0.432274429482507 0.556164914052836 0.69482619321799 0.844479430491143 1
0 0.049015146551999 0.10264899807351 0.165207863226009 0.240352429193678 0.330742962436578 0.437694780132884 0.560907649780319 0.698348726610203 0.846357403616727 1
0 0.0505194520603648 0.105551820645827 0.16929265694824 0.245287874417344 0.336089427557443 0.44293037606014 0.565478112344605 0.701737236321927 0.848161889434421 1
0 0.0519881358434226 0.108382323036019 0.173268017399191 0.250079793115216 0.34126732492486 0.447988548836753 0.569884291078485 0.704998569521858 0.849896847565024 1
0 0.053421008468502 0.111140634812242 0.177135196484652 0.254731295413443 0.346281901236914 0.45287623599655 0.574133632235575 0.708139051945867 0.851565918928188 1
0 0.0548180285230705 0.113827117209846 0.180895653089436 0.259245558783378 0.351138254587123 0.457600010441493 0.578233089630694 0.711164541005252 0.853172459557963 1
0 0.0561792832807926 0.116442330834752 0.184551019263426 0.263625806214071 0.355841335456797 0.462166107308547 0.582189169761459 0.714080472606665 0.854719570256111 1
0 0.0575049713394617 0.118987006854931 0.188103070430937 0.267875287509475 0.360395948474223 0.466580448491248 0.586007972056377 0.716891902506258 0.856210122654918 1
0 0.0587953870769622 0.121462021366426 0.191553699190376 0.271997263292641 0.364806754744407 0.470848665006725 0.589695224815471 0.719603542901499 0.857646782173251 1
0 0.06005090677362 0.123868372637213 0.194904892313169 0.275994991357504 0.369078274596426 0.474976117391407 0.593256317340434 0.72221979486435 0.85903202827682 1
0 0.0612719762544058 0.126207160951169 0.1981587105898 0.279871715058324 0.373214890629307 0.478967914298934 0.596696328691143 0.724744777135476 0.860368172393187 1
0 0.0624590999115066 0.128479570794315 0.201317271206562 0.283630653469096 0.377220850963948 0.482828929462723 0.600020053452864 0.727182351728168 0.861657373781546 1
0 0.0636128309760356 0.130686855145658 0.20438273236931 0.287274993081203 0.381100272629418 0.486563817174039 0.603232024852611 0.729536146730425 0.862901653615013 1
0 0.0647337629165721 0.132830321654753 0.20735727992022 0.29080788083842 0.384857145028269 0.490177026414671 0.60633653552297 0.731809576642344 0.864102907497476 1
0 0.065822521851391 0.134911320507239 0.210243115720543 0.294232418334816 0.388495333438279 0.49367281377177 0.609337656176556 0.734005860542099 0.865262916606906 1
0 0.0668797598703842 0.136931233797748 0.213042447596639 0.297551657023818 0.392018582518001 0.497055255251352 0.612239252423449 0.736128038336227 0.866383357631389 1
0 0.0679061491715659 0.138891466246677 0.215757480668574 0.300768594306275 0.395430519791347 0.500328257096456 0.615044999936877 0.738178985317582 0.86746581164235 1
0 0.0689023769255733 0.140793437113169 0.21839040990024 0.303886170382311 0.39873465909249 0.503495565706097 0.617758398148629 0.740161425226413 0.868511772030692 1
0 0.0698691407896165 0.142638573171362 0.220943413727689 0.306907265766359 0.401934403957175 0.506560776742048 0.620382782634771 0.742077941985922 0.8695226516156 1
0 0.0708071449998555 0.144428302630428 0.223418648638198 0.309834699377498 0.405033050950211 0.509527343502032 0.622921336333808 0.743930990262695 0.870499789021899 1
0 0.0717170969781638 0.146164049891253 0.225818244586814 0.312671227128224 0.408033792921815 0.512398584630218 0.625377099723179 0.745722904984251 0.87144445440999 1
0 0.0725997043956648 0.147847231043833 0.228144301149741 0.315419540944431 0.410939722187739 0.515177691228817 0.627752980065689 0.74745590993009 0.872357854632012 1
0 0.0734556726413241 0.149479250019626 0.230398884325307 0.318082268157685 0.413753833629824 0.517867733428219 0.630051759824819 0.749132125498812 0.87324113787897 1
0 0.0742857026492514 0.151061495322285 0.232584023903295 0.32066197121827 0.416479027715003 0.520471666467272 0.632276104336701 0.750753575741775 0.874095397875737 1
0 0.0750904890432527 0.152595337268509 0.23470171133244 0.323161147683805 0.419118113431773 0.522992336330053 0.634428568816675 0.752322194743217 0.874921677674085 1
0 0.0758707185615914 0.154082125678199 0.236753898023875 0.325582230443855 0.421673811143987 0.525432484980758 0.636511604769646 0.753839832417447 0.875720973087941 1
0 0.0766270687289137 0.155523187959794 0.23874249403546 0.327927588145882 0.424148755362384 0.527794755234076 0.638527565865721 0.755308259785589 0.876494235809882 1
0 0.0773602067458888 0.156919827542703 0.240669367088243 0.330199525792131 0.426545497434767 0.530081695294555 0.64047871333578 0.756729173787183 0.877242376243366 1
0 0.078070788570349 0.158273322614079 0.242536341871937 0.332400285480876 0.428866508156049 0.532295762995066 0.642367220935614 0.758104201675663 0.877966266081152 1
0 0.078759458166616 0.159584925122033 0.244345199601312 0.334532047268716 0.431114180299641 0.534439329761341 0.644195179521868 0.759434905041156 0.878666740656922 1
0 0.0794268469022987 0.160855860011645 0.24609767778983 0.336596930133569 0.433290831071867 0.536514684326842 0.64596460127832 0.760722783499154 0.879344601093984 1
0 0.0800735730741758 0.162087324663983 0.247795470210802 0.338596993020535 0.435398704491166 0.538524036219697 0.647677423626791 0.761969278079301 0.880000616272251 1
0 0.0807002415468512 0.163280488511729 0.249440227019843 0.340534235955084 0.43743997369397 0.540469519041265 0.649335512853266 0.763175774344692 0.880635524632289 1
0 0.0813074434897281 0.164436492808087 0.25103355501552 0.342410601209986 0.439416743169156 0.542353193553887 0.650940667476485 0.764343605268736 0.88125003583312 1
0 0.0818957561994996 0.165556450528314 0.252577018017808 0.344227974514163 0.441331050923048 0.54417705059361 0.652494621383338 0.765474053893629 0.881844832278598 1
0 0.0824657429968283 0.166641446385643 0.254072137346446 0.345988186293163 0.443184870576882 0.545943013822101 0.653999046752792 0.766568355791841 0.882420570525527 1
0 0.0830179531871995 0.167692536945513 0.255520392383435 0.347693012932325 0.444980113398703 0.547652942330546 0.655455556787724 0.767627701349701 0.882977882585256 1
0 0.0835529220770978 0.16871075082389 0.256923221205815 0.34934417805488 0.44671863027161 0.549308633107062 0.65686570827206 0.768653237890066 0.883517377129167 1
0 0.0840711710376968 0.169697088957191 0.258282021276585 0.350943353808291 0.448402213600229 0.550911823378021 0.65823100396869 0.769646071649247 0.88403964060735 1
0 0.0845732076091725 0.170652524932772 0.259598150183117 0.352492162153055 0.450032599157286 0.552464192832689 0.659552894872095 0.770607269621718 0.884545238288754 1
0 0.0850595256395683 0.171578005370324 0.260872926413735 0.353992176149001 0.451611467872104 0.55396736573966 0.660832782328128 0.771537861284695 0.885034715230191 1
0 0.0855306054528679 0.172474450345635 0.262107630164333 0.355444921234823 0.453140447562782 0.555422912962774 0.662072020032112 0.772438840213398 0.885508597180794 1
0 0.085986914041576 0.173342753849276 0.263303504167902 0.356851876497237 0.454621114613814 0.556832353883487 0.663271915915296 0.77331116559666 0.885967391427808 1
0 0.0864289052796782 0.174183784273663 0.264461754540808 0.358214475926668 0.456054995600821 0.558197158235993 0.664433733928682 0.774155763661531 0.886411587588991 1
0 0.0868570201523573 0.174998384922752 0.265583551640413 0.359534109656892 0.457443568864044 0.559518747860867 0.665558695732312 0.774973529014646 0.886841658356324 1
0 0.0872716869992931 0.175787374539394 0.266670030929419 0.36081212518646 0.458788266032204 0.560798498382428 0.666647982297334 0.775765325907305 0.887258060195255 1
0 0.0876733217687684 0.176551547845963 0.267722293842864 0.362049828580101 0.460090473498261 0.562037740814594 0.667702735427423 0.776531989430519 0.887661234003257 1
0 0.0880623282801566 0.177291676094478 0.268741408654344 0.36324848564865 0.461351533848602 0.563237763099575 0.668724059205494 0.777274326645626 0.88805160573108 1
0 0.0884390984926763 0.178008507622912 0.269728411338448 0.364409323106299 0.462572747247097 0.564399811583381 0.669713021371081 0.777993117655543 0.888429586969756 1
0 0.0888040127785736 0.178702768414839 0.270684306426887 0.365533529704249 0.463755372775462 0.565525092431769 0.670670654633241 0.778689116621193 0.888795575506092 1
0 0.0891574401991354 0.179375162659956 0.27161006785613 0.366622257340032 0.464900629731283 0.566614772989996 0.671597957923387 0.779363052727213 0.889149955849098 1
0 0.0894997387821519 0.180026373313353 0.272506639804744 0.367676622141978 0.466009698885049 0.567669983089416 0.672495897592046 0.780015631100655 0.88949309972959 1
0 0.0898312557996341 0.180657062651715 0.273374937518881 0.368697705528458 0.467083723697477 0.568691816303783 0.673365408553189 0.780647533686022 0.889825366574958 1
0 0.0901523280447627 0.181267872824911 0.274215848124647 0.369686555241682 0.468123811498389 0.569681331157831 0.674207395379415 0.781259420079678 0.890147103960911 1
0 0.0904632821071866 0.181859426401645 0.275030231426305 0.370644186355938 0.469131034628336 0.570639552290574 0.67502273335104 0.781851928326379 0.890458648041822 1
0 0.0907644346459244 0.182432326908062 0.275818920689453 0.371571582260287 0.470106431544167 0.571567471575541 0.675812269461817 0.782425675680427 0.890760323961179 1
0 0.0910560926592318 0.182987159358386 0.27658272340851 0.372469695615807 0.471051007889667 0.572466049200026 0.676576823383839 0.782981259333714 0.89105244624345 1
0 0.0913385537509006 0.183524490776807 0.277322422057978 0.373339449287553 0.471965737532365 0.573336214705269 0.677317188393904 0.783519257112732 0.891335319168617 1
0 0.0916121063925422 0.184044870710009 0.278038774827082 0.374181737251466 0.472851563567588 0.57417886798938 0.678034132263505 0.784040228146432 0.891609237130456 1
0 0.0918770301814867 0.184548831729807 0.278732516337519 0.374997425476542 0.473709399290793 0.57499488027466 0.678728398114365 0.784544713506653 0.891874484979604 1
0 0.0921335960939938 0.185036889925509 0.27940435834413 0.375787352782586 0.474540129139173 0.575785095040899 0.679400705241343 0.785033236822722 0.892131338352307 1
0 0.0923820667335349 0.185509545385693 0.280054990418404 0.376552331673935 0.475344609603514 0.576550328926114 0.680051749904358 0.785506304871648 0.892380063985714 1
0 0.0926226965739538 0.185967282669164 0.280685080614789 0.377293149149567 0.47612367011124 0.577291372596094 0.680682206090886 0.785964408145262 0.89262092002048 1
0 0.0928557321973612 0.186410571264944 0.281295276119867 0.378010567490026 0.476878113881561 0.578008991584058 0.681292726250449 0.786408021395526 0.892854156291393 1
0 0.0930814125266557 0.186839866041195 0.281886203884485 0.378705325021631 0.47760871875359 0.578703927101638 0.681883942002423 0.786837604159133 0.893080014606663 1
0 0.0932999690526002 0.187255607683034 0.282458471238985 0.379378136858437 0.478316237988307 0.579376896822326 0.682456464818411 0.78725360126246 0.893298729016489 1
0 0.0935116260554098 0.187658223119248 0.283012666491729 0.380029695622442 0.479001401045171 0.580028595638492 0.683010886680311 0.78765644330783 0.89351052607146 1
0 0.0937166008208343 0.188048125937942 0.283549359511133 0.380660672142533 0.479664914334203 0.580659696392972 0.683547780715179 0.788046547141989 0.893715625071274 1
0 0.0939151038507415 0.188425716791205 0.284069102291455 0.38127171613267 0.4803074619443 0.581270850586218 0.684067701807876 0.788424316307626 0.89391423830429 1
0 0.0941073390682231 0.188791383788891 0.284572429502617 0.381863456849832 0.480929706348532 0.581862689059929 0.684571187192458 0.788790141478731 0.89410657127832 1
0 0.0942935040172651 0.189145502881656 0.285059859024342 0.382436503732201 0.481532289087165 0.582435822658026 0.685058757023179 0.789144400880493 0.894292822943091 1
0 0.0944737900570354 0.189488438233382 0.285531892464905 0.382991447018119 0.482115831429088 0.582990842865825 0.68553091492596 0.789487460694436 0.894473185904741 1
0 0.0946483825508548 0.189820542583168 0.285989015664839 0.383528858346309 0.482680935012351 0.583528322428185 0.685988148531098 0.789819675449427 0.89464784663273 1
0 0.0948174610499255 0.190142157597063 0.286431699185887 0.384049291337855 0.483228182464461 0.584048815947397 0.686430929987967 0.790141388399143 0.894816985659467 1
0 0.0949811994719016 0.190453614209732 0.286860398785567 0.384553282160441 0.483758138003071 0.584552860461532 0.6868597164624 0.790452931886564 0.894980777772993 1
0 0.0951397662743906 0.190755232956248 0.287275555877657 0.385041350075336 0.484271348017699 0.585040976003946 0.687274950617434 0.790754627696026 0.895139392203001 1
0 0.095293324623482 0.191047324294238 0.287677597978963 0.385513997967606 0.484768341633058 0.585513666144588 0.687677061078041 0.791046787393316 0.895292992800464 1
0 0.0954420325574016 0.191330188916562 0.288066939142694 0.38597171286002 0.485249631254591 0.585971418513758 0.688066462880438 0.791329712654305 0.895441738211139 1
0 0.0955860431453961 0.191604118054776 0.288443980378796 0.386414966411124 0.485715713096763 0.586414705308918 0.688443557906553 0.791603695582532 0.89558578204319 1
0 0.0957255046419519 0.191869393773571 0.288809110061577 0.386844215397923 0.486167067694667 0.586843983785123 0.688808735304194 0.791869019016188 0.895725273029152 1
0 0.0958605606364563 0.192126289256426 0.289162704324959 0.387259902183637 0.486604160399458 0.58725969672965 0.689162371893425 0.792125956824892 0.895860355182469 1
0 0.0959913501984093 0.192375069082677 0.289505127445701 0.387662455170949 0.487027441858134 0.587662272921347 0.689504832559649 0.792374774196626 0.895991167948807 1
0 0.0961180080182949 0.192615989496247 0.289836732214906 0.388052289241183 0.48743734847816 0.588052127575215 0.689836470633876 0.792615727915216 0.896117846352327 1
0 0.0962406645442215 0.192849298666223 0.290157860298153 0.388429806179822 0.487834302877407 0.588429662772732 0.690157628260608 0.792849066628678 0.896240521137132 1
0 0.0963594461144394 0.193075236939532 0.290468842584554 0.388795395088779 0.488218714319874 0.588795267878373 0.690468636753794 0.793075031108772 0.896359318904034 1
0 0.0964744750858443 0.193294037085903 0.290769999525075 0.389149432785812 0.488590979137648 0.589149319942804 0.690769816941253 0.793293854502081 0.896474362242836 1
0 0.0965858699585743 0.193505924535338 0.291061641460407 0.389492284191472 0.488951481139519 0.58949218409318 0.691061479497968 0.793505762572899 0.896585769860282 1
0 0.0966937454968053 0.193711117608304 0.291344068938698 0.389824302703963 0.489300592006698 0.589824213910972 0.69134392526862 0.793710973938226 0.896693656703814 1
0 0.0967982128458513 0.193909827738841 0.291617573023441 0.39014583056227 0.48963867167602 0.590145751797737 0.69161744557975 0.793909700295149 0.896798134081318 1
0 0.096899379645671 0.194102259690801 0.291882435591811 0.390457199197933 0.489966068711044 0.590457129329224 0.691882322541866 0.794102146640855 0.896899309776962 1
0 0.096997350140883 0.194288611767402 0.292138929623725 0.390758729575789 0.490283120661422 0.590758667598192 0.692138829341867 0.794288511485544 0.896997288163286 1
0 0.0970922252873897 0.1944690760143 0.292387319481903 0.391050732524039 0.490590154410925 0.591050677546316 0.692387230526078 0.794468987058475 0.897092170309667 1
0 0.0971841028557063 0.194643838416362 0.292627861183205 0.391333509053955 0.490887486514451 0.591333460285526 0.692627782274229 0.794643759507386 0.897184054087277 1
0 0.0972730775310909 0.194813079088336 0.292860802661501 0.391607350669555 0.491175423524407 0.591607307409129 0.692860732664663 0.794813009091498 0.897273034270666 1
0 0.0973592410105708 0.194976972459581 0.293086384022327 0.391872539667551 0.491454262306764 0.591872501293045 0.693086321931072 0.794976910368326 0.897359202636065 1
0 0.0974426820969536 0.195135687453056 0.293304837789582 0.392129349427872 0.491724290347124 0.592129315387459 0.693304782711038 0.795135632374511 0.897442648056541 1
0 0.0975234867899156 0.195289387658717 0.293516389144502 0.39237804469505 0.491985786047131 0.59237801449923 0.693516340286639 0.795289338800854 0.897523456594095 1
0 0.0976017383742517 0.195438231501512 0.293721256157156 0.39261888185076 0.492239019011493 0.592618855065316 0.693721212817398 0.795438188161753 0.897601711588808 1
0 0.0976775175053743 0.195582372404117 0.293919650010673 0.392852109177783 0.492484250325961 0.592852085417541 0.693919611565794 0.795582333959237 0.897677493745132 1
0 0.0977509022921424 0.195721958944589 0.294111775218454 0.39307796711566 0.492721732826498 0.593077946038947 0.694111741115616 0.795721924841752 0.89775088121543 1
0 0.0978219683771022 0.195857135009084 0.294297829834549 0.393296688508299 0.492951711359965 0.593296669812032 0.694297799583354 0.795857104757889 0.897821949680836 1
0 0.0978907890142177 0.195988039939782 0.294478005657441 0.393508498843779 0.493174423036556 0.593508482259106 0.694477978822877 0.795988013105218 0.897890772429545 1
0 0.0979574351441682 0.196114808678188 0.294652488427423 0.393713616486604 0.493390097474262 0.593713601775038 0.694652464623609 0.796114784874373 0.897957420432602 1
0 0.0980219754672855 0.196237571903923 0.294821458017766 0.393912252902638 0.49359895703561 0.593912239852625 0.694821436902402 0.796237550788559 0.898021962417273 1
0 0.0980844765142056 0.196356456169171 0.294985088619883 0.394104612876943 0.493801217056919 0.594104601300825 0.69498506988933 0.796356437438619 0.898084464938087 1
0 0.0981450027143024 0.196471584028895 0.295143548922661 0.394290894724762 0.493997086070319 0.594290884456073 0.695143532307574 0.796471567413809 0.898144992445614 1
0 0.0982036164619742 0.196583074166963 0.295297002286157 0.394471290495837 0.494186766018741 0.594471281386915 0.695296987547611 0.796583059428418 0.898203607353052 1
0 0.0982603781808466 0.19669104151831 0.295445606909814 0.394645986172292 0.494370452464133 0.594645978092149 0.69544559383587 0.796691028444366 0.898260370100705 1
0 0.0983153463859593 0.196795597387257 0.295589515995394 0.394815161860269 0.494548334789077 0.594815154692714 0.695589504398047 0.79679558578991 0.898315339218405 1
0 0.0983685777439968 0.196896849562106 0.295728877904762 0.394978991975523 0.494720596392048 0.594978985617487 0.695728867617243 0.796896839274586 0.89836857138596 1
0 0.0984201271316244 0.196994902426131 0.295863836312715 0.395137645423158 0.494887414876502 0.59513763978321 0.695863827187089 0.796994893300505 0.898420121491677 1
0 0.0984700476919892 0.197089857065073 0.295994530354981 0.395291285771688 0.495048962233984 0.595291280768727 0.695994522260021 0.797089848970113 0.898470042689029 1
0 0.0985183908894424 0.197181811371244 0.296121094771561 0.395440071421616 0.495205405021454 0.5954400669837 0.696121087590862 0.797181804190546 0.898518386451526 1
0 0.0985652065625381 0.197270860144363 0.296243660045545 0.39558415576868 0.495356904533006 0.595584151831991 0.696243653675849 0.797270853774667 0.898565202625849 1
0 0.0986105429753633 0.197357095189202 0.296362352537558 0.395723687361954 0.495503616966171 0.595723683869882 0.696362346887268 0.797357089538912 0.898610539483292 1
0 0.0986544468672506 0.197440605410163 0.296477294615958 0.395858810056954 0.49564569358295 0.595858806959284 0.696477289603824 0.797440600398028 0.898654443769581 1
0 0.0986969635009242 0.197521476902869 0.296588604782932 0.395989663163913 0.495783280865773 0.595989660416101 0.696588600336877 0.797521472456815 0.898696960753111 1
0 0.0987381367091282 0.197599793042869 0.296696397796607 0.396116381591373 0.495916520668519 0.596116379153904 0.6966963938527 0.797599789098961 0.898738134271659 1
0 0.0987780089397855 0.197675634571543 0.296800784789322 0.396239095985243 0.496045550362774 0.596239093823067 0.696800781290847 0.797675631073067 0.898778006777609 1
0 0.0988166212997315 0.197749079679301 0.296901873382146 0.396357932863466 0.496170502979455 0.59635793094549 0.696901870278796 0.797749076575951 0.898816619381755 1
0 0.0988540135970701 0.197820204086156 0.296999767795806 0.396473014746436 0.496291507345977 0.59647301304508 0.696999765042955 0.797820201333304 0.898854011895714 1
0 0.0988902243821922 0.197889081119751 0.297094568958092 0.396584460283293 0.496408688219063 0.596584458774092 0.697094566516154 0.797889078677812 0.898890222872991 1
0 0.0989252909875009 0.197955781790928 0.297186374607887 0.396692384374229 0.49652216641338 0.59669238303548 0.697186372441746 0.797955779624786 0.898925289648752 1
0 0.0989592495658833 0.198020374866914 0.297275279395902 0.396796898288936 0.496632058926093 0.596796897101388 0.697275277474409 0.798020372945421 0.898959248378335 1
0 0.098992135127968 0.19808292694219 0.297361374982241 0.396898109781309 0.496738479057494 0.596898108727885 0.697361373277766 0.798082925237715 0.898992134074544 1
0 0.099023981578207 0.198143502507131 0.297444750130876 0.396996123200524 0.496841536527817 0.596996122266076 0.697444748618907 0.798143500995162 0.899023980643759 1
0 0.0990548217498183 0.19820216401447 0.297525490801142 0.397091039598613 0.496941337590353 0.597091038769704 0.697525489459938 0.798202162673267 0.899054820920909 1
0 0.0990846874386264 0.198258971943677 0.297603680236349 0.39718295683464 0.49703798514101 0.597182956099349 0.697603679046623 0.798258970753952 0.899084686703336 1
0 0.0991136094358338 0.19831398486329 0.297679399049583 0.397271969675578 0.497131578824388 0.597271969023332 0.697679397994227 0.798313983807934 0.899113608783588 1
0 0.0991416175597578 0.198367259491287 0.29775272530681 0.397358169894013 0.497222215136522 0.597358169315434 0.697752724370648 0.798367258555126 0.899141616981178 1
0 0.0991687406865656 0.198418850753555 0.297823734607347 0.397441646362751 0.497309987524367 0.597441645849517 0.697823733776918 0.798418849923125 0.899168740173332 1
0 0.0991950067800394 0.1984688118405 0.297892500161796 0.397522485146438 0.497394986482142 0.59752248469117 0.697892499425157 0.798468811103861 0.899195006324771 1
0 0.0992204429204002 0.198517194261883 0.297959092867512 0.397600769590292 0.497477299644632 0.597600769186443 0.697959092214071 0.798517193608441 0.899220442516551 1
0 0.0992450753322227 0.198564047899913 0.298023581381694 0.397676580406022 0.497557011877541 0.597676580047785 0.698023580802054 0.798564047320273 0.899245074973985 1
0 0.0992689294114683 0.198609421060673 0.29808603219216 0.397749995755042 0.497634205364986 0.597749995437265 0.698086031677985 0.798609420546499 0.899268929093691 1
0 0.0992920297516639 0.198653360523915 0.298146509685889 0.39782109132905 0.497708959694234 0.597821091047163 0.698146509229786 0.798653360067812 0.899292029469777 1
0 0.0993144001692544 0.19869591159128 0.298205076215402 0.397889940428061 0.497781351937755 0.597889940178011 0.698205075810812 0.79869591118669 0.899314399919204 1
0 0.0993360637281539 0.198737118133007 0.298261792163039 0.397956614035981 0.497851456732684 0.597956613814172 0.698261791804144 0.798737117774112 0.899336063506345 1
0 0.0993570427635225 0.198777022633151 0.29831671600321 0.398021180893786 0.497919346357773 0.598021180697028 0.69831671568485 0.79877702231479 0.899357042566765 1
0 0.0993773589047904 0.198815666233385 0.298369904362681 0.39808370757039 0.497985090807913 0.598083707395855 0.698369904080277 0.798815665950981 0.899377358730255 1
0 0.0993970330979566 0.198853088775412 0.298421412078948 0.398144258531283 0.498048757866296 0.59814425837646 0.698421411828439 0.798853088524903 0.899397032943134 1
0 0.0994160856271815 0.198889328842038 0.298471292256773 0.398202896204985 0.498110413174305 0.598202896067649 0.698471292034558 0.798889328619822 0.899416085489845 1
0 0.0994345361356989 0.19892442379695 0.298519596322937 0.398259681047415 0.498170120299184 0.59825968092559 0.698519596125819 0.798924423599832 0.899434536013873 1
0 0.0994524036460661 0.198958409823234 0.298566374079252 0.398314671604216 0.498227940799584 0.59831467149615 0.698566373904397 0.798958409648379 0.899452403538 1
0 0.0994697065797751 0.198991321960677 0.29861167375391 0.398367924571117 0.498283934289025 0.598367924475256 0.698611673598804 0.798991321805571 0.899469706483914 1
0 0.0994864627762442 0.199023194141896 0.298655542051202 0.398419494852383 0.498338158497361 0.598419494767348 0.698655541913613 0.799023194004307 0.89948646269121 1
0 0.0995026895112091 0.199054059227313 0.298698024199668 0.398469435617423 0.4983906693303 0.598469435541993 0.69869802407762 0.799054059105264 0.899502689435779 1
0 0.0995184035145336 0.199083949039041 0.298739163998731 0.398517798355608 0.498441520927041 0.598517798288697 0.698739163890467 0.799083948930776 0.899518403447623 1
0 0.0995336209874571 0.199112894393685 0.298779003863846 0.398564632929353 0.498490765716095 0.598564632869999 0.69877900376781 0.799112894297648 0.899533620928103 1
0 0.0995483576192979 0.199140925134118 0.298817584870237 0.398609987625527 0.498538454469338 0.598609987572877 0.698817584785047 0.799140925048928 0.899548357566648 1
0 0.0995626286036275 0.199168070160244 0.298854946795238 0.398653909205235 0.498584636354356 0.598653909158531 0.69885494671967 0.799168070084675 0.899562628556924 1
0 0.0995764486539355 0.199194357458795 0.298891128159308 0.39869644295203 0.49862935898514 0.598696442910602 0.698891128092274 0.799194357391761 0.899576448612507 1
0 0.0995898320187983 0.199219814132185 0.298926166265742 0.398737632718602 0.498672668471175 0.598737632681852 0.69892616620628 0.799219814072722 0.899589831982048 1
0 0.0996027924965693 0.199244466426451 0.298960097239132 0.398777520971983 0.498714609464978 0.598777520939384 0.698960097186385 0.799244466373704 0.89960279246397 1
0 0.0996153434496043 0.199268339758314 0.29899295606261 0.39881614883734 0.498755225208139 0.598816148808422 0.698992956015821 0.799268339711524 0.899615343420687 1
0 0.0996274978180384 0.199291458741379 0.299024776613915 0.398853556140367 0.4987945575759 0.598853556114716 0.69902477657241 0.799291458699874 0.899627497792387 1
0 0.0996392681331265 0.199313847211517 0.299055591700323 0.398889781448351 0.498832647120329 0.598889781425596 0.699055591663505 0.7993138471747 0.899639268110372 1
0 0.0996506665301632 0.199335528251436 0.299085433092467 0.39892486210993 0.498869533112133 0.598924862089746 0.699085433059808 0.799335528218777 0.899650666509979 1
0 0.0996617047609939 0.19935652421448 0.299114331557097 0.398958834293606 0.498905253581141 0.598958834275701 0.699114331528127 0.79935652418551 0.899661704743089 1
0 0.0996723942061312 0.199376856747674 0.299142316888799 0.398991733025027 0.498939845355519 0.598991733009145 0.6991423168631 0.799376856721976 0.899672394190249 1
0 0.0996827458864875 0.199396546814044 0.299169417940709 0.399023592223105 0.498973344099736 0.599023592209017 0.699169417917913 0.799396546791248 0.899682745872399 1
0 0.099692770474738 0.199415614714227 0.299195662654268 0.399054444734984 0.499005784351336 0.599054444722486 0.699195662634047 0.799415614694006 0.89969277046224 1
0 0.0997024783063239 0.199434080107406 0.299221078088023 0.399084322369904 0.499037199556546 0.599084322358818 0.699221078070085 0.799434080089468 0.899702478295238 1
0 0.0997118793901085 0.199451962031571 0.299245690445528 0.399113255932 0.499067622104761 0.599113255922166 0.699245690429616 0.799451962015659 0.899711879380275 1
0 0.0997209834186958 0.199469278923153 0.299269525102359 0.399141275252059 0.499097083361936 0.599141275243336 0.699269525088245 0.799469278909039 0.899720983409973 1
0 0.099729799778424 0.199486048636032 0.299292606632277 0.399168409218276 0.499125613702924 0.599168409210538 0.699292606619757 0.799486048623512 0.899729799770686 1
0 0.0997383375590424 0.19950228845994 0.299314958832562 0.399194685806037 0.499153242542797 0.599194685799173 0.699314958821456 0.799502288448834 0.899738337552179 1
0 0.0997466055630836 0.199518015138291 0.299336604748548 0.399220132106765 0.499179998367166 0.599220132100676 0.699336604738697 0.799518015128439 0.899746605556995 1
0 0.099754612314938 0.199533244885439 0.299357566697387 0.399244774355848 0.499205908761559 0.599244774350447 0.699357566688647 0.7995332448767 0.899754612309537 1
0 0.0997623660696433 0.199547993403402 0.29937786629105 0.39926863795969 0.499231000439853 0.599268637954899 0.699377866283298 0.79954799339565 0.899762366064852 1
0 0.0997698748213948 0.199562275898044 0.29939752445862 0.399291747521902 0.499255299271823 0.599291747517652 0.699397524451743 0.799562275891168 0.899769874817145 1
0 0.099777146311788 0.199576107094756 0.299416561467858 0.399314126868675 0.49927883030981 0.599314126864905 0.699416561461758 0.799576107088656 0.899777146308018 1
0 0.0997841880377999 0.199589501253635 0.299434996946109 0.399335799073337 0.499301617814552 0.599335799069993 0.699434996940699 0.799589501248224 0.899784188034456 1
0 0.0997910072595183 0.199602472184192 0.299452849900534 0.399356786480149 0.499323685280197 0.599356786477182 0.699452849895734 0.799602472179392 0.899791007256552 1
0 0.0997976110076272 0.199615033259581 0.299470138737703 0.399377110727335 0.499345055458526 0.599377110724704 0.699470138733446 0.799615033255324 0.899797611004996 1
0 0.0998040060906555 0.199627197430396 0.299486881282581 0.399396792769399 0.499365750382409 0.599396792767065 0.699486881278805 0.799627197426619 0.899804006088321 1
0 0.0998101991019966 0.199638977238016 0.299503094796897 0.399415852898723 0.49938579138852 0.599415852896652 0.699503094793547 0.799638977234666 0.899810199099926 1
0 0.0998161964267059 0.19965038482754 0.299518795996944 0.399434310766491 0.499405199139341 0.599434310764654 0.699518795993972 0.799650384824568 0.899816196424869 1
0 0.0998220042480844 0.199661431960304 0.299534001070817 0.39945218540295 0.499423993644459 0.599452185401321 0.699534001068181 0.799661431957668 0.899822004246455 1
0 0.0998276285540532 0.199672130026013 0.299548725695099 0.399469495237029 0.499442194281198 0.599469495235584 0.699548725692761 0.799672130023675 0.899827628552608 1
0 0.0998330751433275 0.199682490054478 0.299562985051023 0.399486258115342 0.499459819814599 0.59948625811406 0.699562985048949 0.799682490052404 0.899833075142045 1
0 0.0998383496313948 0.199692522726992 0.299576793840129 0.399502491320584 0.499476888416766 0.599502491319447 0.699576793838289 0.799692522725152 0.899838349630258 1
0 0.0998434574563047 0.199702238387339 0.299590166299416 0.399518211589354 0.499493417685599 0.599518211588345 0.699590166297784 0.799702238385707 0.899843457455296 1
0 0.0998484038842755 0.199711647052463 0.299603116216023 0.399533435129405 0.499509424662943 0.599533435128511 0.699603116214576 0.799711647051015 0.899848403883381 1
0 0.0998531940151236 0.199720758422792 0.299615656941445 0.399548177636363 0.499524925852152 0.599548177635569 0.699615656940161 0.799720758421507 0.89985319401433 1
0 0.0998578327875218 0.199729581892238 0.299627801405294 0.399562454309899 0.49953993723511 0.599562454309195 0.699627801404155 0.799729581891099 0.899857832786818 1
0 0.0998623249840908 0.199738126557888 0.299639562128636 0.399576279869407 0.499554474288704 0.599576279868783 0.699639562127625 0.799738126556878 0.899862324983466 1
0 0.09986667523633 0.199746401229378 0.299650951236893 0.39958966856918 0.499568552000783 0.599589668568626 0.699650951235997 0.799746401228481 0.899866675235776 1
0 0.099870888029393 0.199754414437975 0.299661980472351 0.3996026342131 0.499582184885612 0.599602634212609 0.699661980471556 0.79975441443718 0.899870888028902 1
0 0.0998749677067118 0.19976217444538 0.299672661206262 0.399615190168879 0.499595386998832 0.599615190168443 0.699672661205557 0.799762174444675 0.899874967706276 1
0 0.0998789184744745 0.199769689252237 0.299683004450571 0.399627349381833 0.499608171951955 0.599627349381446 0.699683004449946 0.799769689251612 0.899878918474088 1
0 0.0998827444059624 0.199776966606388 0.299693020869267 0.399639124388232 0.499620552926397 0.59963912438789 0.699693020868712 0.799776966605833 0.899882744405619 1
0 0.0998864494457491 0.199784014010858 0.299702720789378 0.399650527328229 0.499632542687069 0.599650527327925 0.699702720788886 0.799784014010366 0.899886449445445 1
0 0.0998900374137679 0.199790838731592 0.299712114211619 0.399661569958368 0.499644153595535 0.599661569958098 0.699712114211182 0.799790838731156 0.899890037413498 1
0 0.09989351200925 0.199797447804946 0.299721210820703 0.399672263663713 0.499655397622758 0.599672263663474 0.699721210820316 0.799797447804559 0.899893512009011 1
0 0.0998968768145381 0.199803848044941 0.299730019995326 0.399682619469582 0.499666286361445 0.59968261946937 0.699730019994983 0.799803848044597 0.899896876814326 1
0 0.0999001352987804 0.199810046050288 0.299738550817837 0.399692648052916 0.499676831037996 0.599692648052728 0.699738550817532 0.799810046049983 0.899900135298592 1
0 0.099903290821507 0.199816048211194 0.299746812083598 0.399702359753285 0.499687042524078 0.599702359753118 0.699746812083328 0.799816048210923 0.89990329082134 1
0 0.0999063466360935 0.199821860715946 0.299754812310058 0.39971176458355 0.499696931347837 0.599711764583402 0.699754812309818 0.799821860715707 0.899906346635945 1
0 0.0999093058931155 0.199827489557297 0.299762559745531 0.399720872240186 0.499706507704751 0.599720872240055 0.699762559745319 0.799827489557085 0.899909305892984 1
0 0.099912171643597 0.199832940538638 0.299770062377703 0.39972969211328 0.499715781468139 0.599729692113164 0.699770062377514 0.79983294053845 0.899912171643481 1
0 0.0999149468421554 0.199838219279986 0.299777327941861 0.39973823329621 0.499724762199347 0.599738233296106 0.699777327941694 0.799838219279819 0.899914946842052 1
0 0.0999176343500486 0.199843331223777 0.299784363928876 0.399746504595021 0.499733459157598 0.599746504594929 0.699784363928728 0.799843331223628 0.899917634349957 1
0 0.0999202369381242 0.199848281640475 0.299791177592922 0.399754514537506 0.499741881309545 0.599754514537424 0.69979117759279 0.799848281640344 0.899920236938043 1
0 0.0999227572896768 0.199853075634011 0.299797775958955 0.399762271381997 0.499750037338511 0.599762271381924 0.699797775958838 0.799853075633895 0.899922757289605 1
0 0.0999251980032143 0.199857718147041 0.299804165829957 0.399769783125878 0.499757935653445 0.599769783125814 0.699804165829853 0.799857718146938 0.899925198003151 1
0 0.099927561595137 0.199862213966042 0.299810353793949 0.399777057513835 0.49976558439759 0.599777057513778 0.699810353793858 0.79986221396595 0.89992756159508 1
0 0.099929850502332 0.199866567726249 0.299816346230786 0.399784102045834 0.499772991456877 0.599784102045783 0.699816346230705 0.799866567726167 0.899929850502282 1
0 0.0999320670846856 0.199870783916432 0.29982214931873 0.399790923984858 0.499780164468061 0.599790923984814 0.699822149318658 0.79987078391636 0.899932067084641 1
0 0.0999342136275169 0.199874866883527 0.299827769040823 0.399797530364397 0.499787110826587 0.599797530364358 0.699827769040759 0.799874866883463 0.899934213627477 1
0 0.099936292343933 0.199878820837114 0.299833211191055 0.399803927995694 0.499793837694223 0.599803927995659 0.699833211190999 0.799878820837057 0.899936292343898 1
0 0.0999383053771115 0.199882649853759 0.299838481380339 0.399810123474772 0.499800352006436 0.59981012347474 0.699838481380289 0.799882649853708 0.89993830537708 1
0 0.0999402548025101 0.199886357881216 0.299843585042293 0.399816123189231 0.499806660479549 0.599816123189204 0.699843585042249 0.799886357881171 0.899940254802483 1
0 0.0999421426300059 0.199889948742499 0.299848527438844 0.39982193332484 0.49981276961766 0.599821933324815 0.699848527438804 0.79988994874246 0.899942142629982 1
0 0.0999439708059683 0.199893426139824 0.299853313665652 0.399827559871905 0.499818685719354 0.599827559871883 0.699853313665617 0.799893426139789 0.899943970805947 1
0 0.0999457412152651 0.199896793658421 0.299857948657366 0.399833008631454 0.49982441488419 0.599833008631435 0.699857948657335 0.79989679365839 0.899945741215246 1
0 0.0999474556832061 0.199900054770235 0.29986243719271 0.399838285221214 0.499829963018996 0.599838285221197 0.699862437192682 0.799900054770208 0.899947455683189 1
0 0.0999491159774252 0.199903212837508 0.299866783899408 0.399843395081401 0.499835335843955 0.599843395081386 0.699866783899383 0.799903212837483 0.89994911597741 1
0 0.0999507238097025 0.199906271116237 0.299870993258958 0.399848343480333 0.499840538898503 0.599848343480319 0.699870993258937 0.799906271116215 0.899950723809689 1
0 0.0999522808377293 0.199909232759539 0.299875069611255 0.399853135519859 0.499845577547043 0.599853135519848 0.699875069611236 0.79990923275952 0.899952280837717 1
0 0.0999537886668172 0.199912100820898 0.299879017159057 0.399857776140622 0.499850456984473 0.599857776140611 0.69987901715904 0.799912100820881 0.899953788666807 1
0 0.0999552488515533 0.199914878257315 0.299882839972326 0.399862270127146 0.49985518224154 0.599862270127137 0.699882839972311 0.7999148782573 0.899955248851544 1
0 0.0999566628974028 0.199917567932354 0.299886541992422 0.399866622112779 0.499859758190034 0.599866622112771 0.699886541992409 0.799917567932341 0.899956662897395 1
0 0.0999580322622612 0.199920172619098 0.299890127036165 0.399870836584461 0.499864189547804 0.599870836584454 0.699890127036154 0.799920172619086 0.899958032262254 1
0 0.0999593583579576 0.199922695003004 0.299893598799771 0.399874917887356 0.499868480883623 0.599874917887349 0.699893598799761 0.799922695002994 0.899959358357951 1
0 0.0999606425517101 0.199925137684677 0.299896960862664 0.399878870229327 0.499872636621904 0.599878870229321 0.699896960862655 0.799925137684668 0.899960642551704 1
0 0.0999618861675353 0.199927503182546 0.299900216691163 0.399882697685279 0.499876661047253 0.599882697685274 0.699900216691155 0.799927503182538 0.89996188616753 1
0 0.0999630904876138 0.199929793935463 0.299903369642062 0.399886404201359 0.499880558308895 0.599886404201355 0.699903369642055 0.799929793935456 0.899963090487609 1
0 0.0999642567536117 0.199932012305217 0.299906422966085 0.399889993599021 0.499884332424945 0.599889993599018 0.699906422966079 0.799932012305211 0.899964256753608 1
0 0.0999653861679611 0.19993416057897 0.29990937981124 0.399893469578972 0.499887987286555 0.599893469578968 0.699909379811234 0.799934160578965 0.899965386167958 1
0 0.0999664798950996 0.199936240971615 0.299912243226063 0.399896835724981 0.499891526661925 0.599896835724978 0.699912243226058 0.79993624097161 0.899966479895096 1
0 0.099967539062671 0.199938255628056 0.299915016162765 0.399900095507578 0.499894954200186 0.599900095507576 0.69991501616276 0.799938255628052 0.899967539062668 1
0 0.0999685647626876 0.199940206625425 0.299917701480271 0.399903252287634 0.499898273435165 0.599903252287632 0.699917701480267 0.799940206625421 0.899968564762685 1
0 0.0999695580526567 0.199942095975221 0.299920301947171 0.39990630931982 0.499901487789026 0.599906309319818 0.699920301947167 0.799942095975217 0.899969558052655 1
0 0.0999705199566702 0.199943925625381 0.299922820244572 0.399909269755967 0.499904600575802 0.599909269755965 0.699922820244569 0.799943925625378 0.899970519956668 1
0 0.0999714514664608 0.199945697462294 0.299925258968865 0.399912136648314 0.499907615004807 0.599912136648313 0.699925258968862 0.799945697462291 0.899971451466459 1
0 0.0999723535424247 0.199947413312741 0.299927620634399 0.399914912952658 0.499910534183947 0.599914912952656 0.699927620634396 0.799947413312738 0.899972353542423 1
0 0.0999732271146111 0.199949074945782 0.299929907676074 0.399917601531395 0.499913361122926 0.599917601531393 0.699929907676073 0.799949074945779 0.89997322711461 1
0 0.099974073083682 0.199950684074576 0.299932122451855 0.399920205156477 0.499916098736346 0.599920205156476 0.699932122451854 0.799950684074575 0.899974073083681 1
0 0.0999748923218399 0.199952242358153 0.299934267245198 0.399922726512269 0.499918749846715 0.599922726512268 0.699934267245196 0.799952242358152 0.899974892321839 1
0 0.0999756856737277 0.199953751403119 0.299936344267405 0.399925168198313 0.499921317187354 0.599925168198312 0.699936344267404 0.799953751403117 0.899975685673727 1
0 0.0999764539572991 0.199955212765313 0.299938355659908 0.399927532732013 0.499923803405218 0.599927532732012 0.699938355659907 0.799955212765311 0.899976453957298 1
0 0.0999771979646624 0.199956627951415 0.299940303496473 0.399929822551227 0.499926211063621 0.599929822551226 0.699940303496472 0.799956627951414 0.899977197964662 1
0 0.0999779184628966 0.199957998420496 0.299942189785339 0.399932040016781 0.499928542644885 0.59993204001678 0.699942189785338 0.799957998420495 0.899977918462896 1
0 0.0999786161948428 0.199959325585524 0.299944016471289 0.399934187414905 0.499930800552893 0.599934187414904 0.699944016471289 0.799959325585523 0.899978616194842 1
0 0.0999792918798696 0.199960610814819 0.299945785437655 0.399936266959588 0.499932987115571 0.599936266959588 0.699945785437655 0.799960610814819 0.899979291879869 1
0 0.0999799462146151 0.199961855433466 0.299947498508259 0.399938280794862 0.499935104587287 0.599938280794862 0.699947498508258 0.799961855433466 0.899979946214615 1
0 0.099980579873705 0.19996306072468 0.299949157449294 0.399940230997011 0.499937155151177 0.599940230997011 0.699949157449293 0.799963060724679 0.899980579873705 1
0 0.0999811935104482 0.199964227931126 0.299950763971144 0.399942119576714 0.499939140921392 0.599942119576714 0.699950763971144 0.799964227931126 0.899981193510448 1
0 0.0999817877575106 0.199965358256208 0.299952319730151 0.399943948481115 0.499941063945281 0.599943948481115 0.699952319730151 0.799965358256208 0.89998178775751 1
0 0.0999823632275667 0.199966452865302 0.299953826330318 0.399945719595833 0.499942926205502 0.599945719595833 0.699953826330317 0.799966452865301 0.899982363227567 1
0 0.0999829205139321 0.19996751288696 0.299955285324964 0.399947434746905 0.499944729622063 0.599947434746905 0.699955285324963 0.79996751288696 0.899982920513932 1
0 0.0999834601911745 0.199968539414077 0.299956698218327 0.39994909570267 0.499946476054306 0.59994909570267 0.699956698218327 0.799968539414076 0.899983460191174 1
0 0.0999839828157069 0.199969533505011 0.299958066467116 0.399950704175589 0.499948167302819 0.599950704175589 0.699958066467116 0.79996953350501 0.899983982815707 1
0 0.0999844889263602 0.19997049618468 0.299959391482009 0.399952261824015 0.499949805111297 0.599952261824014 0.699959391482009 0.79997049618468 0.89998448892636 1
0 0.0999849790449397 0.199971428445618 0.299960674629108 0.399953770253898 0.499951391168337 0.599953770253898 0.699960674629108 0.799971428445618 0.899984979044939 1
0 0.0999854536767626 0.199972331248994 0.299961917231353 0.399955231020446 0.499952927109181 0.599955231020445 0.699961917231353 0.799972331248994 0.899985453676762 1
0 0.0999859133111791 0.199973205525608 0.299963120569878 0.399956645629722 0.499954414517397 0.599956645629722 0.699963120569878 0.799973205525607 0.899985913311179 1
0 0.0999863584220769 0.199974052176847 0.299964285885337 0.399958015540205 0.49995585492652 0.599958015540205 0.699964285885337 0.799974052176847 0.899986358422077 1
0 0.09998678946837 0.199974872075619 0.299965414379183 0.399959342164285 0.499957249821626 0.599959342164285 0.699965414379183 0.799974872075619 0.89998678946837 1
0 0.0999872068944713 0.199975666067247 0.299966507214904 0.399960626869725 0.499958600640866 0.599960626869725 0.699966507214904 0.799975666067246 0.899987206894471 1
