T:20 dt0.0033333333 h-step-xy:0.1
0 0 0 0 0 0 0 0 0 0 0 
0 5.51846755703931e-167 1.04967490601713e-166 1.44475356301425e-166 1.69840967507356e-166 1.78581361462064e-166 1.69840967507356e-166 1.44475356301425e-166 1.04967490601713e-166 5.51846755703931e-167 0 
0 1.04967490601713e-166 1.99660031871818e-166 2.74808458109069e-166 3.23056717763489e-166 3.39681935014713e-166 3.23056717763489e-166 2.74808458109069e-166 1.99660031871818e-166 1.04967490601713e-166 0 
0 1.44475356301425e-166 2.74808458109069e-166 3.78241393333882e-166 4.44649425616425e-166 4.67532074064914e-166 4.44649425616425e-166 3.78241393333882e-166 2.74808458109069e-166 1.44475356301425e-166 0 
0 1.69840967507356e-166 3.23056717763489e-166 4.44649425616425e-166 5.22716749635307e-166 5.49616916218138e-166 5.22716749635307e-166 4.44649425616425e-166 3.23056717763489e-166 1.69840967507356e-166 0 
0 1.78581361462064e-166 3.39681935014713e-166 4.67532074064914e-166 5.49616916218138e-166 5.779014252057e-166 5.49616916218138e-166 4.67532074064914e-166 3.39681935014713e-166 1.78581361462064e-166 0 
0 1.69840967507356e-166 3.23056717763489e-166 4.44649425616425e-166 5.22716749635307e-166 5.49616916218138e-166 5.22716749635307e-166 4.44649425616425e-166 3.23056717763489e-166 1.69840967507356e-166 0 
0 1.44475356301425e-166 2.74808458109069e-166 3.78241393333882e-166 4.44649425616425e-166 4.67532074064914e-166 4.44649425616425e-166 3.78241393333882e-166 2.74808458109069e-166 1.44475356301425e-166 0 
0 1.04967490601713e-166 1.99660031871818e-166 2.74808458109069e-166 3.23056717763489e-166 3.39681935014713e-166 3.23056717763489e-166 2.74808458109069e-166 1.99660031871818e-166 1.04967490601713e-166 0 
0 5.51846755703931e-167 1.04967490601713e-166 1.44475356301425e-166 1.69840967507356e-166 1.78581361462064e-166 1.69840967507356e-166 1.44475356301425e-166 1.04967490601713e-166 5.51846755703931e-167 0 
0 0 0 0 0 0 0 0 0 0 0 
